1,3,500,158,29,73,251,219,35,86,647,242,32,79
2,3,497,158,29,73,255,216,38,94,637,243,35,86
3,5,495,161,27,67,261,219,35,86,434,132,27,67,503,172,27,67,628,242,32,79
4,3,491,161,29,73,278,215,35,86,615,242,32,79
5,4,488,161,29,73,281,215,35,86,281,185,32,79,602,239,35,86
6,4,285,212,35,86,485,164,29,73,281,185,32,79,597,242,32,79
7,4,289,212,35,86,482,164,29,73,281,187,29,73,587,242,32,79
8,4,477,163,32,79,297,213,32,79,285,187,29,73,578,236,35,86
9,3,473,163,32,79,299,212,35,86,571,239,35,86
10,3,470,163,32,79,306,209,35,86,561,239,35,86
11,4,464,166,32,79,434,132,27,67,543,239,35,86,313,205,35,86
12,3,461,166,32,79,537,236,35,86,319,205,35,86
13,4,327,201,35,86,526,236,35,86,738,333,29,73,457,169,32,79
14,6,333,198,35,86,448,169,32,79,722,314,38,94,729,295,38,94,426,146,42,103,509,236,35,86
15,5,337,198,35,86,502,239,32,79,445,169,32,79,430,176,29,73,726,290,42,103
16,4,341,201,32,79,492,236,35,86,437,163,35,86,718,285,42,103
17,4,343,198,35,86,436,173,29,73,718,281,42,103,485,236,35,86
18,4,470,239,32,79,351,191,35,86,429,172,32,79,704,281,46,112
19,4,461,233,35,86,354,191,35,86,700,277,46,112,430,176,29,73
20,5,454,233,35,86,357,194,32,79,721,313,29,73,697,277,42,103,729,280,38,94
21,5,361,191,35,86,685,269,42,103,581,29,35,86,439,232,32,79,722,273,38,94
22,5,366,191,32,79,401,169,32,79,681,269,42,103,432,232,32,79,718,269,38,94
23,6,364,187,35,86,395,176,29,73,581,29,35,86,677,269,42,103,709,269,42,103,429,235,32,79
24,6,369,191,32,79,669,277,38,94,699,265,38,94,405,179,55,133,431,132,27,67,389,176,29,73
25,5,661,261,42,103,405,183,50,122,369,188,32,79,693,261,42,103,386,179,29,73
26,6,688,261,38,94,651,292,29,73,661,257,42,103,372,188,32,79,400,183,50,122,382,172,32,79
27,5,685,261,38,94,656,257,42,103,381,174,35,86,372,188,32,79,395,183,50,122
28,6,681,257,38,94,434,132,27,67,372,188,32,79,652,261,42,103,385,175,32,79,395,183,50,122
29,5,375,185,32,79,636,253,42,103,673,254,38,94,395,183,50,122,661,292,27,67
30,4,631,249,42,103,375,185,32,79,665,250,38,94,395,183,50,122
31,4,627,249,42,103,662,250,38,94,378,177,35,86,399,228,27,67
32,6,619,249,42,103,378,177,35,86,401,213,32,79,652,245,42,103,388,217,32,79,434,135,27,67
33,4,615,249,42,103,378,177,35,86,401,210,32,79,647,250,35,86
34,4,611,245,42,103,378,177,35,86,639,243,38,94,403,182,46,112
35,4,609,243,38,94,638,255,32,79,378,177,35,86,406,183,42,103
36,6,632,239,38,94,406,183,42,103,603,241,42,103,385,181,32,79,615,253,42,103,372,179,32,79
37,6,621,239,38,94,388,181,32,79,372,179,32,79,594,243,38,94,406,187,42,103,609,257,35,86
38,6,388,181,32,79,602,250,35,86,615,236,42,103,587,239,38,94,413,186,38,94,372,179,32,79
39,5,388,181,32,79,369,179,32,79,583,235,38,94,423,187,35,86,607,232,42,103
40,5,575,235,38,94,429,191,32,79,372,179,29,73,391,181,32,79,601,235,38,94
41,5,568,235,38,94,372,175,32,79,595,232,42,103,432,191,32,79,391,181,32,79
42,5,564,235,38,94,372,175,32,79,591,233,35,86,436,187,29,73,391,181,32,79
43,6,588,229,35,86,436,190,29,73,391,181,32,79,726,281,42,103,372,175,32,79,561,233,35,86
44,6,718,272,46,112,375,175,32,79,439,187,29,73,581,225,35,86,401,181,32,79,549,227,38,94
45,7,375,175,32,79,578,225,35,86,441,187,29,73,436,173,29,73,401,181,32,79,714,273,42,103,545,224,38,94
46,6,372,175,32,79,441,181,29,73,575,224,38,94,709,272,46,112,404,181,32,79,537,224,38,94
47,6,372,175,32,79,441,181,29,73,575,223,32,79,700,267,46,112,401,181,32,79,533,225,35,86
48,7,369,179,32,79,447,188,27,67,567,219,35,86,401,181,32,79,523,220,38,94,439,180,27,67,691,263,46,112
49,6,369,179,32,79,439,180,27,67,564,219,35,86,519,220,38,94,401,181,32,79,686,259,46,112
50,6,369,179,32,79,437,180,27,67,516,222,35,86,561,219,35,86,404,181,32,79,682,259,46,112
51,6,369,179,32,79,505,215,35,86,404,181,32,79,549,217,32,79,431,177,27,67,668,254,46,112
52,6,426,177,27,67,369,179,29,73,661,257,42,103,546,217,32,79,401,181,32,79,502,215,35,86
53,6,661,257,42,103,369,179,32,79,540,212,35,86,502,212,35,86,401,181,32,79,430,170,29,73
54,5,369,179,32,79,537,212,35,86,651,249,46,112,398,167,38,94,495,215,35,86
55,5,369,179,32,79,529,212,35,86,646,249,46,112,488,212,35,86,398,167,38,94
56,5,369,179,32,79,640,249,42,103,485,209,35,86,527,210,32,79,398,167,38,94
57,5,481,209,35,86,369,179,32,79,524,210,32,79,636,245,42,103,395,177,35,86
58,6,475,209,35,86,385,167,35,86,397,181,32,79,372,179,32,79,516,205,35,86,623,236,46,112
59,5,471,209,35,86,623,241,42,103,372,179,32,79,513,205,35,86,395,185,32,79
60,6,372,175,32,79,395,181,32,79,619,236,42,103,471,205,35,86,487,231,27,67,508,207,32,79
61,6,502,204,32,79,395,185,32,79,611,236,42,103,372,179,32,79,467,205,35,86,362,169,27,67
62,6,611,232,42,103,499,204,32,79,354,169,27,67,372,179,32,79,467,201,32,79,395,181,32,79
63,6,495,204,32,79,607,228,42,103,464,198,35,86,372,179,32,79,349,169,27,67,395,181,32,79
64,7,492,198,35,86,382,179,32,79,603,228,42,103,341,169,27,67,464,198,35,86,369,179,32,79,397,181,32,79
65,8,330,169,27,67,599,224,42,103,372,179,32,79,489,197,32,79,457,201,32,79,397,181,32,79,492,172,32,79,467,210,32,79
66,6,325,169,27,67,491,199,29,73,372,179,32,79,599,224,42,103,454,195,35,86,401,181,32,79
67,6,372,179,32,79,319,169,27,67,486,194,32,79,451,195,35,86,595,220,42,103,401,181,32,79
68,7,372,179,32,79,486,194,32,79,314,167,27,67,450,205,29,73,402,177,35,86,462,208,29,73,591,216,42,103
69,6,372,179,32,79,303,169,27,67,480,191,32,79,402,177,35,86,587,216,42,103,447,205,29,73
70,6,477,191,32,79,402,177,35,86,372,179,32,79,587,211,42,103,298,167,27,67,443,191,35,86
71,6,583,207,42,103,402,177,35,86,477,188,32,79,372,179,32,79,445,188,32,79,293,169,27,67
72,6,445,188,32,79,402,177,35,86,372,179,32,79,477,188,32,79,583,207,42,103,287,169,27,67
73,6,442,188,32,79,372,179,32,79,404,190,29,73,277,169,27,67,581,209,35,86,473,185,32,79
74,6,274,169,27,67,442,188,32,79,477,185,32,79,372,179,32,79,405,196,27,67,574,203,42,103
75,6,439,185,32,79,372,179,32,79,269,169,27,67,473,181,32,79,574,195,42,103,404,181,32,79
76,6,477,181,29,73,263,169,27,67,435,181,32,79,369,179,32,79,404,181,32,79,571,197,38,94
77,6,261,172,27,67,372,179,32,79,477,181,29,73,571,197,38,94,439,187,29,73,402,177,35,86
78,6,258,172,27,67,477,185,29,73,369,179,32,79,435,181,32,79,566,191,42,103,404,181,32,79
79,7,258,172,27,67,568,190,38,94,369,179,32,79,473,179,29,73,581,29,35,86,402,177,35,86,442,179,32,79
80,6,258,172,27,67,470,175,32,79,567,191,35,86,442,172,32,79,369,179,32,79,405,177,35,86
81,7,258,175,27,67,473,176,29,73,445,179,29,73,434,177,27,67,402,177,35,86,369,179,32,79,567,191,35,86
82,7,473,176,29,73,258,173,29,73,447,176,29,73,433,179,29,73,564,187,35,86,372,179,32,79,402,177,35,86
83,6,477,173,29,73,261,176,29,73,402,177,35,86,445,172,32,79,565,185,32,79,369,179,32,79
84,7,477,170,29,73,271,185,27,67,263,177,27,67,447,170,29,73,561,184,35,86,402,177,35,86,369,179,32,79
85,7,479,170,29,73,266,180,27,67,401,181,32,79,434,177,27,67,447,170,29,73,369,179,32,79,561,184,35,86
86,8,271,183,27,67,402,177,35,86,426,141,42,103,282,185,27,67,369,179,32,79,482,169,27,67,450,167,29,73,560,179,38,94
87,8,274,183,27,67,372,179,32,79,402,177,35,86,482,167,29,73,285,183,27,67,426,141,42,103,453,175,27,67,560,175,38,94
88,7,279,181,29,73,399,177,35,86,426,141,42,103,372,179,32,79,482,167,29,73,453,167,29,73,561,177,35,86
89,6,285,181,29,73,399,177,35,86,459,161,29,73,372,179,32,79,485,167,27,67,564,174,35,86
90,8,287,185,29,73,562,196,27,67,404,181,32,79,471,164,29,73,485,161,29,73,459,158,29,73,372,179,32,79,568,172,32,79
91,7,485,164,29,73,474,169,27,67,290,187,29,73,402,177,35,86,462,158,29,73,372,179,32,79,568,172,32,79
92,6,488,161,29,73,375,179,32,79,462,158,29,73,391,139,50,122,293,187,29,73,567,171,35,86
93,6,302,190,29,73,494,158,29,73,391,139,50,122,379,179,32,79,468,155,29,73,571,163,35,86
94,6,305,190,29,73,498,161,27,67,434,132,27,67,379,179,32,79,471,153,29,73,571,163,35,86
95,6,308,193,29,73,501,161,27,67,471,153,29,73,382,175,32,79,319,193,29,73,575,166,32,79
96,5,313,193,29,73,501,161,27,67,382,175,32,79,473,153,29,73,575,163,32,79
97,7,322,193,29,73,331,202,29,73,503,159,27,67,474,161,27,67,382,175,32,79,482,149,29,73,577,159,32,79
98,5,328,196,29,73,485,149,29,73,382,175,32,79,506,156,27,67,581,159,32,79
99,5,485,147,29,73,334,199,29,73,382,175,32,79,509,153,27,67,581,156,32,79
100,8,343,199,29,73,498,159,27,67,426,191,27,67,388,175,32,79,490,151,27,67,511,153,27,67,375,179,32,79,587,156,32,79
101,9,345,199,29,73,491,147,29,73,514,153,27,67,379,175,32,79,587,153,32,79,360,202,29,73,426,179,32,79,349,179,29,73,500,155,29,73
102,9,351,202,29,73,494,144,29,73,517,153,27,67,426,175,32,79,363,205,29,73,590,153,32,79,389,179,29,73,506,153,27,67,377,179,29,73
103,8,522,151,27,67,357,202,29,73,369,205,29,73,497,144,29,73,389,179,29,73,593,150,32,79,377,179,29,73,426,179,32,79
104,7,500,141,29,73,366,205,29,73,525,151,27,67,597,150,32,79,377,205,29,73,423,179,32,79,375,176,29,73
105,5,503,145,27,67,527,148,27,67,369,171,42,103,599,149,29,73,423,179,32,79
106,6,426,191,27,67,533,145,27,67,509,143,27,67,386,205,29,73,603,144,32,79,378,171,35,86
107,7,535,145,27,67,514,140,27,67,386,187,29,73,392,205,29,73,377,179,29,73,603,144,32,79,506,148,27,67
108,6,517,140,27,67,397,201,32,79,372,172,32,79,538,145,27,67,386,179,29,73,606,144,32,79
109,6,519,140,27,67,372,176,29,73,541,145,27,67,383,185,27,67,613,144,29,73,410,179,42,103
110,6,372,176,29,73,533,145,27,67,410,179,42,103,543,145,27,67,522,140,27,67,613,144,29,73
111,6,369,176,29,73,535,145,27,67,426,179,42,103,527,137,27,67,549,143,27,67,619,141,29,73
112,5,369,176,29,73,551,143,27,67,619,141,29,73,527,137,27,67,433,208,29,73
113,5,369,179,29,73,554,140,27,67,530,137,27,67,622,141,29,73,439,208,29,73
114,6,366,175,32,79,535,135,27,67,625,138,29,73,451,207,32,79,418,187,29,73,559,140,27,67
115,5,366,179,32,79,628,135,29,73,457,207,32,79,562,137,27,67,538,135,27,67
116,5,366,179,32,79,464,207,32,79,565,137,27,67,541,135,27,67,631,135,29,73
117,6,369,179,32,79,567,137,27,67,470,210,32,79,543,132,27,67,633,135,29,73,733,222,35,86
118,6,551,129,27,67,483,210,32,79,369,181,32,79,573,135,27,67,639,132,29,73,723,222,35,86
119,6,489,210,32,79,551,129,27,67,366,181,32,79,715,222,35,86,642,132,29,73,573,137,27,67
120,6,554,132,27,67,369,185,29,73,495,213,32,79,699,215,35,86,578,135,27,67,642,129,29,73
121,6,559,127,27,67,369,181,32,79,583,135,27,67,648,129,29,73,679,183,50,122,511,213,32,79
122,7,562,127,27,67,369,181,32,79,434,132,27,67,517,217,32,79,586,132,27,67,651,129,29,73,674,183,50,122
123,6,567,127,27,67,664,212,35,86,530,217,32,79,375,181,32,79,591,129,27,67,654,126,29,73
124,6,537,217,32,79,657,126,29,73,594,129,27,67,570,127,27,67,375,181,32,79,657,212,35,86
125,7,594,129,27,67,543,219,32,79,379,181,32,79,573,127,27,67,434,132,27,67,650,212,35,86,661,127,27,67
126,6,549,219,32,79,575,124,27,67,379,179,32,79,594,129,27,67,663,127,27,67,643,212,35,86
127,7,555,219,32,79,379,179,32,79,578,121,27,67,638,210,32,79,597,127,27,67,586,129,27,67,666,127,27,67
128,7,583,121,27,67,591,129,27,67,379,181,32,79,567,222,35,86,602,129,27,67,669,121,29,73,623,205,35,86
129,6,375,181,32,79,586,121,27,67,577,226,32,79,671,121,29,73,605,121,27,67,616,205,35,86
130,6,379,181,32,79,584,226,32,79,586,121,27,67,674,121,29,73,609,205,35,86,607,127,27,67
131,5,375,181,32,79,589,119,27,67,613,121,27,67,587,195,46,112,679,121,27,67
132,6,375,185,32,79,682,116,27,67,591,119,27,67,588,201,35,86,615,124,27,67,606,229,32,79
133,6,375,185,32,79,612,222,35,86,615,124,27,67,594,116,27,67,581,201,35,86,685,119,27,67
134,7,375,185,32,79,618,121,27,67,594,116,27,67,619,222,35,86,729,254,38,94,687,119,27,67,575,201,32,79
135,7,375,185,32,79,568,197,32,79,626,225,35,86,621,121,27,67,597,119,27,67,726,249,42,103,690,119,27,67
136,7,375,185,32,79,599,116,27,67,621,121,27,67,718,245,42,103,635,229,32,79,693,116,27,67,562,197,32,79
137,7,375,185,32,79,715,246,38,94,644,229,32,79,602,116,27,67,693,116,27,67,621,116,27,67,559,197,32,79
138,8,379,185,32,79,699,246,38,94,543,194,32,79,605,116,27,67,657,225,35,86,698,113,27,67,426,188,27,67,623,119,27,67
139,8,382,185,32,79,418,187,29,73,693,241,42,103,537,191,32,79,661,225,35,86,607,116,27,67,698,113,27,67,626,116,27,67
140,8,382,185,32,79,423,179,32,79,664,223,46,112,610,113,27,67,685,236,42,103,701,116,27,67,629,111,27,67,533,191,32,79
141,8,382,185,32,79,701,113,27,67,673,239,38,94,423,179,32,79,613,111,27,67,634,108,27,67,685,222,35,86,519,187,35,86
142,8,382,185,32,79,423,174,35,86,665,239,38,94,615,111,27,67,691,225,35,86,634,108,27,67,703,111,27,67,511,190,29,73
143,8,658,239,38,94,508,188,32,79,615,108,27,67,382,188,32,79,699,225,35,86,423,181,32,79,634,105,27,67,703,111,27,67
144,9,382,188,32,79,643,235,38,94,713,229,32,79,492,177,35,86,642,116,27,67,423,181,32,79,621,111,27,67,706,111,27,67,634,108,27,67
145,9,636,232,42,103,642,113,27,67,419,185,32,79,491,187,29,73,382,188,32,79,720,232,32,79,706,111,27,67,623,105,27,67,634,105,27,67
146,8,631,232,42,103,726,232,32,79,382,188,32,79,423,185,32,79,626,105,27,67,639,113,27,67,479,185,29,73,706,111,27,67
147,8,382,191,32,79,619,233,35,86,629,108,27,67,470,181,32,79,642,113,27,67,426,188,32,79,736,235,32,79,706,108,27,67
148,7,382,194,32,79,631,108,27,67,464,181,32,79,616,229,35,86,645,111,27,67,706,108,27,67,426,188,32,79
149,7,382,194,32,79,459,181,29,73,605,227,38,94,408,182,46,112,631,105,27,67,650,111,27,67,421,136,55,133
150,7,388,197,32,79,450,181,29,73,706,108,27,67,595,229,35,86,631,105,27,67,430,187,35,86,653,108,27,67
151,7,391,197,32,79,442,179,32,79,706,108,27,67,588,229,35,86,634,100,27,67,432,194,32,79,653,111,27,67
152,6,435,191,32,79,703,108,27,67,581,225,35,86,389,195,35,86,634,100,27,67,653,111,27,67
153,6,437,191,35,86,395,197,32,79,567,225,35,86,701,111,27,67,637,103,27,67,658,105,27,67
154,6,442,197,32,79,401,183,42,103,561,222,35,86,639,97,27,67,661,108,27,67,698,111,27,67
155,6,442,201,32,79,661,108,27,67,695,111,27,67,639,97,27,67,403,177,46,112,554,222,35,86
156,6,447,198,35,86,543,222,35,86,395,176,29,73,690,111,27,67,642,103,27,67,663,97,27,67
157,7,451,201,32,79,406,187,42,103,687,113,27,67,540,222,35,86,642,97,27,67,389,176,29,73,666,108,27,67
158,6,457,201,32,79,523,222,35,86,381,176,29,73,679,113,27,67,408,182,46,112,647,97,27,67
159,7,464,201,32,79,519,219,35,86,414,187,42,103,677,113,27,67,455,217,27,67,366,173,29,73,650,97,27,67
160,6,467,204,32,79,513,219,35,86,674,113,27,67,408,182,46,112,363,173,29,73,650,97,27,67
161,6,475,201,35,86,351,173,29,73,671,113,27,67,499,219,35,86,653,100,27,67,422,191,42,103
162,7,478,201,35,86,651,99,32,79,430,205,35,86,492,219,35,86,426,141,46,112,345,170,29,73,669,112,29,73
163,6,433,209,35,86,674,109,29,73,480,203,42,103,337,170,29,73,651,109,29,73,663,109,29,73
164,7,437,209,35,86,480,203,42,103,22,96,38,94,679,92,27,67,426,141,46,112,334,170,29,73,657,103,32,79
165,6,682,92,27,67,440,209,35,86,328,170,29,73,654,112,29,73,645,24,55,133,475,203,42,103
166,7,443,209,35,86,492,205,35,86,685,95,27,67,461,222,35,86,645,24,55,133,650,119,27,67,313,170,29,73
167,7,495,205,35,86,650,119,27,67,685,97,27,67,454,219,35,86,443,209,35,86,645,24,55,133,311,167,29,73
168,6,499,205,35,86,663,97,27,67,447,213,38,94,687,95,27,67,306,172,27,67,645,121,27,67
169,6,443,207,42,103,677,24,55,133,509,209,35,86,290,167,29,73,639,119,27,67,666,100,27,67
170,7,439,203,42,103,285,169,27,67,669,89,27,67,455,199,42,103,690,89,27,67,516,209,35,86,637,121,27,67
171,7,523,209,35,86,454,212,35,86,693,89,27,67,281,164,29,73,437,215,35,86,669,89,27,67,633,117,29,73
172,7,529,209,35,86,263,167,27,67,457,212,35,86,625,121,29,73,425,178,50,122,669,92,27,67,273,167,29,73
173,8,533,209,35,86,461,212,35,86,669,92,27,67,441,231,29,73,414,203,42,103,622,121,29,73,693,89,27,67,261,169,27,67
174,8,464,212,35,86,435,178,50,122,537,209,35,86,669,89,27,67,405,183,50,122,693,97,27,67,255,167,27,67,619,121,29,73
175,7,613,123,29,73,467,212,35,86,547,212,35,86,247,167,27,67,671,92,27,67,693,89,27,67,399,187,46,112
176,7,554,212,35,86,471,215,35,86,610,127,27,67,399,187,46,112,239,167,27,67,671,95,27,67,695,85,29,73
177,7,475,215,35,86,557,212,35,86,695,89,27,67,231,164,27,67,607,127,27,67,391,213,32,79,674,89,27,67
178,6,481,219,35,86,564,215,35,86,381,209,35,86,223,164,27,67,671,24,55,133,599,129,27,67
179,6,485,219,35,86,571,219,35,86,375,209,35,86,593,123,29,73,217,158,29,73,671,24,55,133
180,6,488,219,35,86,671,24,55,133,368,209,35,86,579,216,38,94,590,126,29,73,210,164,27,67
181,7,502,222,35,86,591,219,35,86,584,129,29,73,698,89,27,67,674,89,27,67,357,210,32,79,202,161,27,67
182,7,595,219,35,86,505,222,35,86,581,129,29,73,698,89,27,67,347,205,35,86,677,89,27,67,197,161,27,67
183,7,598,216,38,94,578,129,29,73,509,222,35,86,701,87,27,67,677,92,27,67,343,205,35,86,191,161,27,67
184,7,609,222,35,86,573,129,29,73,519,229,35,86,679,89,27,67,584,33,32,79,333,205,35,86,183,161,27,67
185,7,616,225,35,86,567,132,29,73,524,229,32,79,677,92,27,67,701,89,27,67,325,207,32,79,175,161,27,67
186,7,619,225,35,86,526,229,35,86,698,89,27,67,677,92,27,67,564,132,29,73,173,161,27,67,321,207,32,79
187,8,533,233,35,86,633,225,35,86,309,207,32,79,698,89,27,67,558,132,29,73,159,159,27,67,675,74,32,79,434,132,27,67
188,6,635,224,38,94,537,228,42,103,303,207,32,79,677,24,55,133,552,132,29,73,159,159,27,67
189,7,647,224,38,94,545,235,38,94,290,207,32,79,698,89,27,67,543,135,29,73,675,71,32,79,146,159,27,67
190,7,651,227,38,94,549,239,38,94,682,87,27,67,701,89,27,67,281,198,35,86,541,135,29,73,141,156,27,67
191,6,553,243,38,94,654,227,38,94,537,131,32,79,671,24,55,133,278,198,35,86,138,156,27,67
192,8,661,233,35,86,553,241,42,103,679,87,27,67,533,134,32,79,133,156,27,67,274,201,32,79,650,246,35,86,698,89,27,67
193,7,662,235,38,94,526,141,29,73,701,89,27,67,564,246,38,94,679,87,27,67,261,197,32,79,125,156,27,67
194,7,667,239,35,86,679,87,27,67,566,245,42,103,259,197,32,79,520,141,29,73,117,153,27,67,701,87,27,67
195,7,673,239,38,94,679,87,27,67,570,249,42,103,252,197,32,79,698,89,27,67,114,153,27,67,517,141,29,73
196,8,583,249,42,103,511,141,29,73,681,243,38,94,422,141,42,103,698,89,27,67,675,74,32,79,243,194,32,79,109,156,27,67
197,6,587,253,42,103,688,243,38,94,505,137,32,79,236,194,32,79,103,156,27,67,677,87,27,67
198,7,591,257,42,103,692,246,38,94,677,84,27,67,233,194,32,79,503,144,29,73,686,47,46,112,98,153,27,67
199,7,489,141,32,79,603,261,42,103,701,89,27,67,697,245,42,103,224,191,32,79,87,153,27,67,677,87,27,67
200,7,489,141,32,79,607,261,42,103,701,249,42,103,674,87,27,67,221,188,32,79,85,153,27,67,701,89,27,67
201,8,486,144,32,79,615,265,42,103,674,89,27,67,217,190,29,73,705,249,42,103,431,132,27,67,79,148,27,67,698,89,27,67
202,7,477,149,29,73,623,267,46,112,709,249,42,103,206,190,29,73,695,89,27,67,674,89,27,67,71,148,27,67
203,7,201,185,32,79,631,273,42,103,714,257,42,103,674,89,27,67,695,87,27,67,471,149,29,73,69,148,27,67
204,7,636,273,42,103,199,185,32,79,718,261,38,94,671,92,27,67,693,89,27,67,467,147,32,79,66,148,27,67
205,7,191,185,29,73,641,277,46,112,457,147,32,79,693,89,27,67,58,148,27,67,726,261,42,103,669,89,27,67
206,8,647,284,38,94,185,185,29,73,453,153,29,73,693,89,27,67,426,141,42,103,669,89,27,67,53,145,27,67,733,277,35,86
207,8,646,285,46,112,426,141,42,103,180,185,29,73,450,153,29,73,693,89,27,67,50,145,27,67,666,92,27,67,733,281,35,86
208,7,648,285,42,103,738,292,29,73,690,95,27,67,173,185,27,67,439,150,32,79,666,92,27,67,39,148,27,67
209,6,651,290,46,112,426,141,42,103,167,185,27,67,690,92,27,67,666,92,27,67,39,143,27,67
210,7,651,290,46,112,37,148,27,67,426,150,35,86,159,181,29,73,165,199,29,73,690,92,27,67,663,89,27,67
211,6,651,295,46,112,153,181,29,73,26,145,27,67,661,95,27,67,687,95,27,67,423,159,27,67
212,5,651,295,46,112,661,92,27,67,149,185,27,67,23,140,27,67,685,92,27,67
213,5,646,295,46,112,21,145,27,67,661,92,27,67,143,183,27,67,685,97,27,67
214,7,637,295,46,112,133,181,29,73,685,95,27,67,431,177,27,67,661,100,27,67,401,158,29,73,13,140,27,67
215,6,633,299,46,112,130,181,29,73,7,145,27,67,682,95,27,67,658,97,27,67,397,156,32,79
216,6,623,299,46,112,125,185,27,67,682,97,27,67,7,137,27,67,391,156,32,79,658,95,27,67
217,6,619,299,46,112,679,97,27,67,2,140,27,67,116,181,29,73,385,156,32,79,658,95,27,67
218,5,615,299,46,112,113,181,29,73,382,156,32,79,679,100,27,67,658,95,27,67
219,5,372,159,32,79,597,299,46,112,104,179,29,73,655,97,27,67,677,105,27,67
220,5,587,295,46,112,101,183,27,67,674,103,27,67,366,161,29,73,655,103,27,67
221,7,583,295,46,112,359,159,32,79,655,103,27,67,434,132,27,67,736,242,32,79,95,183,27,67,677,105,27,67
222,6,677,100,27,67,574,295,46,112,733,236,35,86,353,159,32,79,655,103,27,67,89,179,29,73
223,7,341,159,32,79,561,290,46,112,723,233,35,86,671,103,27,67,354,167,29,73,82,183,27,67,653,103,27,67
224,7,717,232,32,79,556,285,46,112,357,172,27,67,674,108,27,67,77,183,27,67,337,159,32,79,653,105,27,67
225,6,709,229,35,86,547,285,46,112,671,105,27,67,331,159,32,79,653,105,27,67,72,181,29,73
226,7,699,225,35,86,537,285,42,103,321,159,32,79,671,111,27,67,422,141,42,103,66,180,27,67,650,105,27,67
227,6,695,225,35,86,315,159,32,79,529,281,46,112,669,105,27,67,650,105,27,67,61,179,29,73
228,8,525,277,46,112,691,223,32,79,434,135,27,67,327,172,27,67,312,159,32,79,650,105,27,67,55,177,27,67,671,105,27,67
229,6,520,277,46,112,685,219,32,79,308,164,29,73,647,105,27,67,669,108,27,67,52,179,29,73
230,7,507,272,46,112,675,219,32,79,293,159,32,79,666,111,27,67,47,180,27,67,726,290,42,103,645,108,27,67
231,7,504,273,42,103,671,215,35,86,666,111,27,67,290,159,32,79,42,180,27,67,645,108,27,67,722,285,46,112
232,7,287,161,29,73,666,213,32,79,500,269,42,103,669,111,27,67,718,290,42,103,42,177,27,67,642,108,27,67
233,7,657,213,32,79,709,285,42,103,274,159,32,79,489,263,46,112,39,177,27,67,642,108,27,67,663,108,27,67
234,7,651,213,32,79,700,281,46,112,270,161,29,73,484,265,42,103,642,111,27,67,39,177,27,67,663,108,27,67
235,8,700,281,46,112,481,265,38,94,434,132,27,67,647,210,32,79,265,156,32,79,642,111,27,67,39,177,27,67,663,111,27,67
236,7,467,257,42,103,638,207,32,79,255,156,32,79,686,277,46,112,642,113,27,67,39,175,27,67,663,111,27,67
237,7,631,204,32,79,682,272,46,112,463,257,42,103,253,161,29,73,642,111,27,67,663,111,27,67,37,175,27,67
238,8,459,257,42,103,625,204,32,79,677,272,46,112,581,29,35,86,247,161,29,73,642,113,27,67,661,111,27,67,34,173,29,73
239,7,622,204,32,79,244,158,29,73,455,253,42,103,673,272,46,112,639,111,27,67,34,173,29,73,661,113,27,67
240,8,616,205,29,73,241,158,29,73,34,161,27,67,447,253,42,103,669,273,42,103,642,113,27,67,39,175,27,67,661,113,27,67
241,7,610,202,29,73,443,249,42,103,233,153,32,79,661,269,42,103,639,113,27,67,34,173,29,73,661,113,27,67
242,7,652,269,42,103,39,175,27,67,229,158,29,73,660,112,29,73,603,197,32,79,435,249,42,103,637,113,27,67
243,7,226,155,29,73,648,265,42,103,429,246,38,94,661,116,27,67,596,202,29,73,637,116,27,67,34,173,29,73
244,8,644,265,42,103,422,241,42,103,434,132,27,67,663,121,27,67,590,196,29,73,223,155,29,73,637,116,27,67,34,173,29,73
245,7,637,263,46,112,587,196,29,73,634,113,27,67,221,155,29,73,37,173,29,73,660,112,29,73,422,241,42,103
246,8,627,261,42,103,575,191,32,79,408,182,46,112,409,243,35,86,634,116,27,67,212,153,29,73,34,173,29,73,660,112,29,73
247,8,623,257,42,103,569,193,29,73,408,182,46,112,206,153,29,73,634,116,27,67,405,243,35,86,34,173,29,73,660,112,29,73
248,7,619,257,42,103,203,153,29,73,564,190,29,73,657,112,29,73,34,173,29,73,634,116,27,67,399,239,35,86
249,7,561,190,29,73,203,153,29,73,615,257,42,103,395,235,38,94,37,175,27,67,631,119,27,67,657,112,29,73
250,8,555,190,29,73,200,153,29,73,431,132,27,67,391,231,38,94,631,119,27,67,607,257,42,103,34,173,29,73,658,121,27,67
251,8,381,233,35,86,595,253,42,103,194,153,27,67,202,161,27,67,546,190,29,73,634,119,27,67,653,116,27,67,34,173,29,73
252,7,591,253,42,103,189,149,29,73,376,227,38,94,541,187,29,73,634,119,27,67,653,121,27,67,34,170,29,73
253,8,587,253,42,103,372,227,38,94,434,132,27,67,189,156,27,67,631,119,27,67,535,187,29,73,34,173,29,73,650,124,27,67
254,7,365,224,38,94,574,253,42,103,526,185,29,73,629,121,27,67,180,149,29,73,39,175,27,67,647,127,27,67
255,7,520,185,29,73,361,224,38,94,570,249,42,103,180,147,29,73,645,127,27,67,629,121,27,67,39,175,27,67
256,7,357,220,38,94,566,245,42,103,178,151,27,67,514,181,29,73,626,121,27,67,645,127,27,67,39,175,27,67
257,7,353,216,38,94,511,181,29,73,626,121,27,67,645,124,27,67,558,245,42,103,171,147,29,73,34,173,29,73
258,7,549,245,42,103,623,121,27,67,170,151,27,67,343,219,35,86,503,181,29,73,34,173,29,73,642,124,27,67
259,7,623,121,27,67,340,219,35,86,545,245,42,103,165,144,29,73,497,181,29,73,39,175,27,67,639,117,29,73
260,7,165,148,27,67,337,215,35,86,490,183,27,67,537,245,42,103,623,124,27,67,37,173,29,73,639,127,27,67
261,7,482,176,29,73,530,243,38,94,328,213,32,79,159,148,27,67,618,124,27,67,34,173,29,73,637,129,27,67
262,8,479,176,29,73,521,241,42,103,321,213,32,79,422,141,42,103,157,148,27,67,618,127,27,67,37,175,27,67,634,127,27,67
263,9,469,177,27,67,513,241,42,103,434,135,27,67,313,209,35,86,151,141,29,73,631,129,27,67,581,29,35,86,34,173,29,73,615,127,27,67
264,7,462,173,29,73,509,241,42,103,309,209,35,86,613,127,27,67,149,145,27,67,631,132,27,67,34,173,29,73
265,7,459,173,29,73,143,145,27,67,610,127,27,67,306,205,35,86,500,241,42,103,629,132,27,67,37,175,27,67
266,8,453,173,29,73,141,145,27,67,426,141,42,103,610,127,27,67,496,236,42,103,302,205,35,86,629,132,27,67,34,173,29,73
267,8,295,201,35,86,445,175,27,67,605,129,27,67,434,177,27,67,484,236,42,103,135,143,27,67,37,175,27,67,631,135,27,67
268,8,605,129,27,67,292,201,35,86,439,170,29,73,484,277,42,103,133,141,29,73,480,236,42,103,34,173,29,73,631,132,27,67
269,7,602,129,27,67,436,170,29,73,133,143,27,67,290,201,32,79,31,173,29,73,477,239,38,94,631,135,27,67
270,8,602,132,27,67,127,143,27,67,281,198,35,86,429,141,32,79,427,170,29,73,466,239,38,94,631,135,27,67,31,177,27,67
271,9,599,132,27,67,459,232,42,103,281,195,35,86,431,137,27,67,29,177,27,67,424,170,29,73,125,143,27,67,631,137,27,67,581,29,35,86
272,6,599,132,27,67,281,197,32,79,455,235,38,94,29,175,27,67,631,137,27,67,122,140,27,67
273,7,451,235,38,94,277,197,32,79,29,175,27,67,599,132,27,67,629,137,27,67,284,181,32,79,119,140,27,67
274,7,274,194,32,79,443,236,35,86,23,173,29,73,117,143,27,67,599,132,27,67,629,140,27,67,401,170,29,73
275,7,271,187,35,86,440,231,38,94,599,135,27,67,117,143,27,67,397,167,27,67,629,140,27,67,21,177,27,67
276,9,599,135,27,67,394,175,27,67,626,140,27,67,268,191,32,79,429,231,38,94,386,167,27,67,117,143,27,67,21,175,27,67,434,132,27,67
277,7,114,145,27,67,268,188,32,79,383,167,27,67,597,137,27,67,626,143,27,67,429,231,38,94,17,173,29,73
278,7,114,145,27,67,375,167,27,67,268,185,32,79,425,231,38,94,626,143,27,67,599,137,27,67,14,170,29,73
279,9,265,181,32,79,114,145,27,67,434,132,27,67,367,167,27,67,401,177,59,145,599,140,27,67,581,29,35,86,626,143,27,67,7,177,27,67
280,7,265,181,32,79,362,167,27,67,114,145,27,67,626,143,27,67,597,140,27,67,401,177,59,145,5,177,27,67
281,8,261,181,32,79,114,145,27,67,403,182,46,112,2,177,27,67,407,252,27,67,357,164,27,67,626,143,27,67,597,137,27,67
282,7,261,181,29,73,407,249,27,67,2,175,27,67,351,164,27,67,113,144,29,73,599,140,27,67,626,143,27,67
283,8,259,175,32,79,116,144,29,73,434,135,27,67,0,172,27,67,343,161,27,67,599,143,27,67,392,225,35,86,623,145,27,67
284,6,119,148,27,67,258,179,29,73,341,164,27,67,389,225,35,86,623,145,27,67,596,138,29,73
285,6,255,175,32,79,125,148,27,67,333,161,27,67,623,145,27,67,383,220,38,94,597,145,27,67
286,6,255,175,32,79,325,159,27,67,621,148,27,67,130,151,27,67,376,220,38,94,597,143,27,67
287,7,258,176,29,73,422,141,42,103,322,161,27,67,594,145,27,67,621,148,27,67,130,151,27,67,375,222,35,86
288,7,258,176,29,73,317,161,27,67,133,151,27,67,593,141,29,73,141,159,27,67,618,151,27,67,368,222,35,86
289,8,258,173,29,73,422,141,42,103,357,216,38,94,581,29,35,86,594,148,27,67,306,159,27,67,618,151,27,67,136,149,29,73
290,6,258,173,29,73,618,153,27,67,590,147,29,73,141,151,27,67,357,216,38,94,303,159,27,67
291,7,259,169,32,79,298,159,27,67,590,147,29,73,618,153,27,67,422,141,42,103,142,149,29,73,349,216,38,94
292,6,259,166,32,79,149,156,27,67,590,147,29,73,615,153,27,67,290,159,27,67,347,215,35,86
293,7,261,166,32,79,581,29,35,86,151,153,29,73,587,147,29,73,615,153,27,67,343,215,35,86,285,159,27,67
294,6,153,153,29,73,264,167,29,73,587,149,29,73,343,212,35,86,615,156,27,67,279,156,27,67
295,5,337,212,35,86,584,153,29,73,159,155,29,73,271,163,32,79,613,156,27,67
296,6,273,164,29,73,434,135,27,67,333,212,35,86,584,153,29,73,613,156,27,67,162,155,29,73
297,6,168,158,29,73,584,153,29,73,330,212,35,86,279,161,29,73,613,159,27,67,261,156,27,67
298,7,281,164,29,73,581,153,29,73,431,177,27,67,258,156,27,67,171,158,29,73,323,212,35,86,613,161,27,67
299,6,253,156,27,67,285,164,29,73,613,158,29,73,581,155,29,73,319,209,35,86,174,155,29,73
300,7,581,158,29,73,290,158,29,73,316,209,35,86,615,164,27,67,242,159,27,67,581,29,35,86,180,158,29,73
301,7,237,156,27,67,185,158,29,73,618,164,27,67,581,161,29,73,309,177,35,86,295,159,27,67,313,209,35,86
302,8,191,161,29,73,581,158,29,73,234,156,27,67,618,164,27,67,305,185,29,73,311,208,29,73,301,159,27,67,317,222,29,73
303,7,305,185,29,73,581,158,29,73,192,156,32,79,229,156,27,67,621,164,27,67,303,156,27,67,306,210,32,79
304,7,581,159,32,79,201,156,32,79,306,181,32,79,618,167,27,67,299,205,35,86,317,156,27,67,214,159,32,79
305,7,208,159,32,79,422,141,42,103,295,201,35,86,581,164,29,73,618,167,27,67,306,181,32,79,319,156,27,67
306,6,325,153,29,73,587,167,29,73,613,167,29,73,214,159,32,79,292,205,35,86,203,161,29,73
307,6,587,164,29,73,331,153,29,73,221,159,32,79,613,167,29,73,289,201,35,86,202,161,27,67
308,7,587,167,29,73,338,153,27,67,613,170,29,73,434,132,27,67,223,164,29,73,281,201,35,86,197,161,27,67
309,7,587,167,29,73,613,170,29,73,194,161,27,67,284,185,32,79,343,149,29,73,229,164,29,73,277,204,32,79
310,6,189,164,27,67,587,169,32,79,354,149,29,73,616,173,29,73,271,198,35,86,238,164,29,73
311,6,616,173,29,73,186,164,27,67,587,169,32,79,243,163,32,79,271,198,35,86,362,151,27,67
312,7,183,164,27,67,434,132,27,67,268,198,35,86,619,173,29,73,584,169,32,79,366,149,29,73,246,159,32,79
313,7,181,167,27,67,587,169,32,79,422,141,42,103,619,176,29,73,378,151,27,67,265,197,32,79,255,166,32,79
314,8,181,167,27,67,422,141,42,103,252,201,32,79,381,147,29,73,587,172,32,79,619,176,29,73,265,197,32,79,261,169,32,79
315,6,181,169,27,67,587,175,32,79,261,197,32,79,265,166,32,79,619,175,32,79,389,148,27,67
316,7,183,169,27,67,590,175,32,79,259,197,32,79,619,179,32,79,422,141,42,103,274,163,32,79,397,148,27,67
317,6,186,169,27,67,590,175,32,79,259,197,32,79,622,181,29,73,279,167,29,73,405,151,27,67
318,7,189,172,27,67,590,179,32,79,255,197,32,79,622,179,32,79,281,166,32,79,397,141,42,103,581,29,35,86
319,5,191,172,27,67,252,194,32,79,590,179,32,79,622,179,32,79,287,166,32,79
320,6,197,175,27,67,625,185,32,79,422,141,42,103,297,166,32,79,591,181,35,86,252,197,32,79
321,7,202,175,27,67,628,185,32,79,591,181,35,86,299,166,32,79,424,147,29,73,430,132,29,73,251,191,35,86
322,6,205,175,27,67,303,166,32,79,631,187,29,73,591,181,35,86,430,144,29,73,252,197,32,79
323,6,210,175,27,67,306,169,32,79,628,185,32,79,255,197,32,79,595,181,35,86,437,148,27,67
324,6,215,175,27,67,597,185,32,79,255,197,32,79,631,188,32,79,445,148,27,67,319,169,32,79
325,6,221,175,27,67,600,188,32,79,259,197,32,79,450,148,27,67,631,191,32,79,321,169,32,79
326,8,226,175,27,67,453,145,27,67,602,187,35,86,631,191,32,79,261,197,32,79,274,197,32,79,340,176,29,73,325,169,32,79
327,7,234,177,27,67,461,148,27,67,635,194,32,79,609,187,35,86,334,169,32,79,422,141,42,103,268,195,35,86
328,6,635,194,32,79,239,175,27,67,465,147,29,73,341,169,32,79,609,187,35,86,274,197,32,79
329,6,638,197,32,79,242,175,27,67,343,167,35,86,465,147,29,73,277,197,32,79,609,191,35,86
330,7,474,148,27,67,351,167,35,86,253,175,27,67,287,205,29,73,641,197,32,79,612,195,35,86,285,185,29,73
331,6,255,177,27,67,477,151,27,67,287,197,32,79,612,195,35,86,644,201,32,79,357,172,32,79
332,7,479,151,27,67,261,177,27,67,284,185,32,79,290,201,32,79,616,198,35,86,647,201,32,79,363,175,32,79
333,8,482,149,29,73,651,201,32,79,271,177,27,67,616,198,35,86,299,202,29,73,431,132,27,67,371,171,35,86,305,217,29,73
334,6,485,149,29,73,619,198,35,86,277,177,27,67,650,201,35,86,299,201,35,86,375,171,35,86
335,7,482,153,29,73,397,191,27,67,650,201,35,86,279,173,29,73,619,198,35,86,306,204,32,79,378,171,35,86
336,7,287,177,27,67,482,155,29,73,312,210,32,79,653,205,35,86,434,132,27,67,626,205,35,86,389,171,35,86
337,7,479,155,29,73,316,205,35,86,653,205,35,86,290,177,27,67,629,205,35,86,391,179,32,79,298,185,27,67
338,6,319,205,35,86,399,174,35,86,479,155,29,73,657,207,32,79,629,209,35,86,295,180,27,67
339,6,661,209,35,86,327,209,35,86,405,174,35,86,477,158,29,73,303,180,27,67,633,209,35,86
340,7,331,213,32,79,473,161,29,73,663,210,32,79,309,180,27,67,325,196,27,67,673,219,32,79,637,209,35,86
341,5,334,213,32,79,471,161,29,73,666,213,32,79,635,209,38,94,313,179,29,73
342,7,465,161,29,73,426,177,35,86,639,213,38,94,671,212,35,86,340,215,35,86,343,187,35,86,325,183,27,67
343,6,462,164,29,73,328,176,29,73,343,212,35,86,643,215,35,86,675,217,32,79,430,177,35,86
344,7,347,215,35,86,674,212,35,86,644,213,32,79,448,188,32,79,429,175,38,94,456,164,29,73,333,180,27,67
345,6,647,213,38,94,430,181,35,86,357,219,35,86,678,219,35,86,443,181,35,86,343,180,27,67
346,6,647,216,38,94,361,219,35,86,678,219,35,86,426,141,42,103,447,179,38,94,349,177,27,67
347,7,364,219,35,86,650,219,35,86,451,179,38,94,681,222,35,86,435,166,32,79,669,240,29,73,354,177,27,67
348,6,365,216,38,94,654,220,38,94,357,177,35,86,457,181,35,86,435,166,32,79,685,222,35,86
349,8,368,220,38,94,658,216,38,94,459,179,38,94,430,138,29,73,677,252,27,67,426,166,32,79,685,222,35,86,363,179,29,73
350,7,375,222,35,86,662,220,38,94,464,184,35,86,365,179,38,94,688,222,35,86,430,138,29,73,423,166,32,79
351,5,665,220,38,94,695,225,35,86,381,225,35,86,475,184,35,86,378,177,27,67
352,7,669,224,38,94,383,180,27,67,699,225,35,86,422,141,42,103,388,235,32,79,481,187,35,86,688,236,35,86
353,8,674,225,35,86,681,243,35,86,705,229,35,86,488,187,35,86,389,181,29,73,395,239,32,79,667,243,35,86,397,166,32,79
354,5,673,227,38,94,705,233,35,86,495,187,35,86,397,239,32,79,397,166,32,79
355,4,677,227,38,94,709,233,35,86,499,187,35,86,395,177,59,145
356,6,707,231,38,94,677,227,38,94,692,231,38,94,505,191,35,86,389,141,42,103,395,177,59,145
357,6,516,191,35,86,699,246,35,86,414,228,42,103,685,231,38,94,715,235,38,94,386,176,29,73
358,8,688,235,38,94,427,173,29,73,519,190,38,94,418,236,42,103,392,173,29,73,718,235,38,94,702,250,35,86,381,173,29,73
359,7,718,235,38,94,689,232,42,103,523,190,38,94,378,177,27,67,388,169,32,79,426,242,32,79,429,177,27,67
360,9,696,235,38,94,375,173,29,73,529,195,35,86,425,243,38,94,388,169,32,79,729,237,29,73,429,216,38,94,433,179,29,73,727,257,29,73
361,7,699,239,38,94,370,177,27,67,533,195,35,86,426,236,42,103,726,239,35,86,436,213,38,94,439,180,27,67
362,8,363,173,29,73,447,179,29,73,701,236,42,103,581,29,35,86,439,236,42,103,375,180,27,67,541,193,38,94,733,243,35,86
363,7,453,179,29,73,705,241,42,103,365,177,27,67,443,243,38,94,550,195,35,86,354,175,27,67,736,251,32,79
364,5,711,243,38,94,456,179,29,73,357,173,29,73,554,195,35,86,451,241,42,103
365,7,351,173,29,73,459,241,42,103,434,135,27,67,455,211,42,103,465,179,29,73,709,245,42,103,564,198,35,86
366,5,468,176,29,73,349,173,29,73,466,246,38,94,714,245,42,103,571,197,38,94
367,6,471,175,27,67,343,170,29,73,570,191,42,103,354,180,27,67,470,250,38,94,718,249,42,103
368,6,473,173,29,73,328,173,29,73,340,170,29,73,722,250,38,94,579,197,38,94,471,249,42,103
369,5,482,173,29,73,587,201,38,94,331,173,29,73,729,257,38,94,484,253,42,103
370,7,485,173,29,73,341,166,32,79,328,173,29,73,422,141,42,103,729,257,38,94,591,205,35,86,497,254,29,73
371,4,488,173,29,73,496,254,38,94,325,173,29,73,598,201,38,94
372,6,491,170,29,73,581,29,35,86,322,173,29,73,422,141,42,103,502,257,35,86,601,201,38,94
373,5,494,170,29,73,327,185,27,67,317,173,29,73,509,253,42,103,609,201,38,94
374,5,503,167,29,73,523,257,38,94,302,176,29,73,314,180,27,67,615,199,42,103
375,6,526,257,38,94,623,203,42,103,505,167,29,73,317,183,27,67,434,132,27,67,305,176,29,73
376,5,529,257,42,103,314,183,27,67,302,176,29,73,509,164,29,73,627,203,42,103
377,5,537,261,42,103,431,132,27,67,636,203,42,103,514,167,29,73,296,176,29,73
378,5,541,261,42,103,298,185,27,67,519,167,27,67,640,207,42,103,287,173,29,73
379,4,525,167,27,67,545,261,42,103,644,207,42,103,287,176,29,73
380,4,530,164,27,67,553,261,42,103,285,176,29,73,651,213,38,94
381,4,535,164,27,67,562,265,42,103,276,179,29,73,662,213,38,94
382,4,537,158,29,73,273,179,29,73,566,269,42,103,665,213,38,94
383,4,541,159,27,67,270,179,29,73,579,269,38,94,671,219,35,86
384,5,587,269,42,103,546,159,27,67,264,181,29,73,677,216,38,94,431,177,27,67
385,4,587,267,46,112,685,213,38,94,551,159,27,67,261,181,29,73
386,5,597,272,46,112,554,156,27,67,581,29,35,86,255,179,32,79,693,211,42,103
387,4,255,185,29,73,559,153,27,67,697,211,42,103,603,281,42,103
388,5,252,181,32,79,562,153,27,67,701,216,42,103,611,281,42,103,434,132,27,67
389,4,565,153,27,67,615,277,42,103,252,185,32,79,705,216,42,103
390,4,252,188,32,79,623,281,46,112,570,151,27,67,718,227,38,94
391,4,255,190,29,73,631,285,42,103,570,148,27,67,726,224,38,94
392,4,252,188,32,79,729,224,38,94,640,285,42,103,573,148,27,67
393,4,646,285,46,112,736,242,32,79,255,194,32,79,578,148,27,67
394,3,651,285,46,112,254,191,35,86,581,145,27,67
395,3,655,290,46,112,259,194,32,79,581,143,27,67
396,3,261,194,32,79,669,294,42,103,586,143,27,67
397,4,265,197,32,79,673,290,46,112,581,29,35,86,586,143,27,67
398,3,268,195,35,86,677,295,46,112,589,140,27,67
399,3,682,295,46,112,268,195,35,86,589,137,27,67
400,3,686,295,46,112,271,201,32,79,589,137,27,67
401,3,695,299,46,112,589,140,27,67,271,198,35,86
402,4,704,299,46,112,282,185,27,67,589,137,27,67,274,204,32,79
403,4,709,299,46,112,589,135,27,67,271,184,35,86,278,201,35,86
404,4,713,299,46,112,589,135,27,67,434,132,27,67,278,201,35,86
405,2,292,205,35,86,573,135,27,67
406,3,292,205,35,86,573,135,27,67,581,29,35,86
407,2,292,205,35,86,573,135,27,67
408,2,293,210,32,79,573,135,27,67
409,2,573,135,27,67,293,210,32,79
410,2,573,135,27,67,293,210,32,79
411,2,573,137,27,67,293,210,32,79
412,3,573,137,27,67,422,141,42,103,293,210,32,79
413,2,570,137,27,67,292,201,35,86
414,3,293,207,32,79,422,141,42,103,570,137,27,67
415,3,429,177,27,67,565,140,27,67,293,210,32,79
416,2,293,210,32,79,562,140,27,67
417,2,562,140,27,67,293,207,32,79
418,2,292,205,35,86,559,140,27,67
419,3,434,135,27,67,557,140,27,67,292,205,35,86
420,2,551,143,27,67,293,207,32,79
421,3,549,143,27,67,292,205,35,86,422,141,42,103
422,3,546,145,27,67,292,205,35,86,434,135,27,67
423,2,546,145,27,67,292,205,35,86
424,3,538,148,27,67,293,210,32,79,729,284,38,94
425,3,535,148,27,67,726,277,42,103,292,205,35,86
426,3,535,148,27,67,722,277,42,103,293,210,32,79
427,3,533,151,27,67,714,277,42,103,293,210,32,79
428,3,530,151,27,67,705,273,42,103,292,205,35,86
429,3,527,153,27,67,701,273,42,103,293,210,32,79
430,4,525,153,27,67,429,177,27,67,689,273,42,103,293,217,29,73
431,4,522,156,27,67,685,273,42,103,293,210,32,79,581,29,35,86
432,5,519,156,27,67,434,132,27,67,287,188,27,67,293,207,32,79,681,269,42,103
433,3,514,159,27,67,669,269,38,94,292,205,35,86
434,4,511,155,29,73,292,205,35,86,665,265,42,103,581,29,35,86
435,3,511,159,27,67,656,265,42,103,292,205,35,86
436,3,509,164,27,67,648,261,42,103,292,205,35,86
437,3,506,164,27,67,640,257,42,103,292,201,35,86
438,4,503,164,27,67,635,265,38,94,429,177,27,67,292,201,35,86
439,3,501,167,27,67,627,261,42,103,292,201,35,86
440,3,498,169,27,67,623,257,42,103,292,201,35,86
441,3,493,169,27,67,613,257,38,94,292,201,35,86
442,3,491,167,29,73,607,253,42,103,292,201,35,86
443,3,488,170,29,73,605,257,38,94,292,201,35,86
444,3,490,175,27,67,590,254,38,94,295,201,35,86
445,3,488,173,29,73,587,250,38,94,295,201,35,86
446,3,488,176,29,73,295,201,35,86,583,250,38,94
447,3,487,180,27,67,579,250,38,94,295,201,35,86
448,3,485,179,29,73,574,245,42,103,299,201,35,86
449,3,485,179,29,73,299,201,35,86,571,246,38,94
450,3,485,181,29,73,564,243,38,94,306,207,32,79
451,3,485,185,29,73,560,243,38,94,309,207,32,79
452,4,485,185,29,73,581,29,35,86,309,210,32,79,557,243,38,94
453,3,488,187,29,73,312,210,32,79,554,243,35,86
454,3,541,235,38,94,491,187,29,73,319,205,35,86
455,3,491,190,29,73,321,210,32,79,537,235,38,94
456,4,494,193,29,73,422,141,42,103,534,235,38,94,325,210,32,79
457,3,497,196,29,73,529,236,35,86,331,213,32,79
458,3,500,199,29,73,526,233,35,86,337,209,35,86
459,3,500,202,29,73,523,233,35,86,337,209,35,86
460,4,340,209,35,86,429,177,27,67,516,229,35,86,503,202,29,73
461,2,351,212,35,86,502,205,46,112
462,3,354,212,35,86,502,205,46,112,422,141,42,103
463,6,361,212,35,86,741,324,27,67,422,141,42,103,733,375,27,67,496,220,38,94,515,210,32,79
464,6,368,212,35,86,517,213,32,79,729,373,29,73,492,222,35,86,509,247,27,67,733,319,35,86
465,5,371,215,35,86,521,213,32,79,488,222,35,86,718,315,50,122,505,240,29,73
466,5,524,217,32,79,381,217,29,73,481,219,35,86,386,231,29,73,709,313,46,112
467,5,527,217,32,79,381,219,35,86,475,219,35,86,700,313,46,112,431,132,27,67
468,4,530,219,32,79,694,305,50,122,385,219,35,86,473,219,32,79
469,4,533,222,35,86,679,300,50,122,461,215,35,86,395,234,29,73
470,4,457,215,35,86,399,225,35,86,674,300,50,122,537,225,35,86
471,4,669,300,50,122,540,229,32,79,402,225,35,86,454,212,35,86
472,5,451,212,35,86,543,229,32,79,664,295,46,112,431,132,27,67,399,179,55,133
473,4,547,229,35,86,426,242,32,79,655,290,50,122,443,212,35,86
474,4,550,233,35,86,649,285,50,122,437,209,35,86,426,239,32,79
475,4,554,236,35,86,436,209,38,94,641,285,46,112,429,227,38,94
476,3,557,236,35,86,637,285,46,112,432,224,38,94
477,4,561,239,35,86,432,227,38,94,628,285,46,112,434,132,27,67
478,4,443,228,42,103,567,243,35,86,619,277,46,112,410,187,42,103
479,4,451,231,38,94,567,243,35,86,615,275,50,122,410,187,42,103
480,4,455,231,38,94,611,271,50,122,410,187,42,103,571,246,35,86
481,5,462,239,38,94,581,29,35,86,406,187,42,103,578,250,35,86,601,266,50,122
482,5,463,236,42,103,579,250,38,94,397,212,27,67,601,267,46,112,422,141,42,103
483,4,467,236,42,103,597,267,46,112,587,250,38,94,395,208,29,73
484,3,477,243,38,94,388,201,32,79,586,261,50,122
485,4,586,256,50,122,385,201,32,79,480,241,42,103,581,29,35,86
486,3,583,259,46,112,484,245,42,103,379,197,32,79
487,5,492,245,42,103,579,259,46,112,375,197,32,79,422,141,42,103,601,257,38,94
488,4,605,261,38,94,496,249,42,103,574,257,42,103,369,194,32,79
489,5,500,253,42,103,605,261,38,94,574,254,46,112,366,197,32,79,422,141,42,103
490,4,609,261,38,94,360,196,29,73,509,253,42,103,569,249,46,112
491,4,612,267,35,86,357,196,29,73,513,257,42,103,566,253,42,103
492,4,613,265,38,94,353,191,32,79,517,257,42,103,566,249,42,103
493,4,613,265,38,94,350,191,32,79,517,261,42,103,565,245,46,112
494,6,529,261,42,103,331,193,29,73,613,269,38,94,357,196,29,73,562,249,42,103,343,193,29,73
495,4,609,269,38,94,533,265,42,103,562,249,42,103,337,193,29,73
496,4,609,269,38,94,334,193,29,73,537,265,42,103,562,249,42,103
497,4,609,269,38,94,325,188,32,79,564,243,38,94,549,277,38,94
498,4,609,273,38,94,556,236,46,112,321,188,32,79,551,267,46,112
499,4,609,277,38,94,313,190,29,73,558,281,42,103,558,236,42,103
500,4,309,185,32,79,609,273,38,94,561,277,46,112,558,241,42,103
501,5,306,185,32,79,422,141,42,103,569,281,46,112,607,269,42,103,558,236,42,103
502,4,303,185,32,79,609,277,38,94,574,281,42,103,558,241,42,103
503,4,609,277,38,94,579,281,46,112,551,231,46,112,299,185,32,79
504,4,553,232,42,103,591,290,42,103,607,273,42,103,284,185,32,79
505,5,736,251,32,79,553,228,42,103,285,187,29,73,595,294,42,103,607,273,42,103
506,6,549,228,42,103,281,187,29,73,601,295,46,112,611,269,42,103,729,235,38,94,714,445,55,133
507,5,277,185,32,79,726,235,38,94,545,228,42,103,602,269,55,133,698,445,55,133
508,6,722,231,38,94,284,185,32,79,718,451,50,122,541,228,42,103,607,275,55,133,273,187,29,73
509,7,718,231,38,94,537,224,42,103,270,185,29,73,709,451,50,122,581,29,35,86,628,303,46,112,612,274,35,86
510,7,264,185,29,73,657,488,35,86,533,224,42,103,613,273,38,94,711,227,38,94,677,440,55,133,640,310,42,103
511,9,261,185,29,73,707,224,38,94,609,273,38,94,677,505,27,67,654,446,38,94,431,132,27,67,529,220,42,103,648,315,42,103,653,488,35,86
512,7,703,224,38,94,529,224,42,103,655,308,46,112,641,461,46,112,258,185,29,73,665,442,38,94,609,277,38,94
513,7,699,224,38,94,611,269,42,103,634,440,55,133,434,132,27,67,253,185,29,73,523,220,38,94,659,308,46,112
514,7,611,269,42,103,431,132,27,67,623,440,55,133,249,181,29,73,699,224,38,94,517,216,42,103,668,313,46,112
515,6,609,273,38,94,682,313,46,112,244,181,29,73,513,211,42,103,586,440,55,133,688,222,35,86
516,7,613,273,38,94,509,211,42,103,686,317,46,112,589,471,27,67,241,181,29,73,681,220,38,94,431,132,27,67
517,8,613,273,38,94,235,179,29,73,504,213,38,94,678,219,35,86,581,29,35,86,549,471,42,103,703,319,50,122,570,440,55,133
518,6,617,273,38,94,673,216,38,94,496,207,42,103,232,179,29,73,559,440,55,133,709,321,46,112
519,8,496,209,38,94,617,273,38,94,669,216,38,94,543,435,55,133,232,179,29,73,581,29,35,86,434,132,27,67,718,326,46,112
520,7,621,273,38,94,226,176,29,73,488,203,42,103,431,132,27,67,664,212,35,86,729,350,35,86,511,427,59,145
521,7,223,176,29,73,508,451,50,122,502,416,46,112,235,179,29,73,488,209,35,86,624,269,38,94,664,212,35,86
522,6,484,203,42,103,217,176,29,73,624,269,38,94,657,212,35,86,431,132,27,67,488,427,59,145
523,7,215,176,29,73,469,414,65,158,624,273,38,94,480,199,42,103,657,212,35,86,422,141,42,103,517,511,27,67
524,6,212,176,29,73,473,201,38,94,628,269,38,94,643,209,35,86,439,457,46,112,447,408,55,133
525,7,473,197,38,94,629,274,35,86,640,205,35,86,209,173,29,73,429,398,59,145,434,132,27,67,441,427,59,145
526,5,206,176,29,73,629,274,35,86,421,399,71,173,637,205,35,86,470,197,38,94
527,6,205,177,27,67,407,399,71,173,628,269,38,94,434,132,27,67,467,198,35,86,637,205,29,73
528,5,628,269,38,94,462,193,38,94,197,173,29,73,386,399,71,173,631,204,32,79
529,5,459,193,38,94,628,269,38,94,197,170,29,73,373,395,65,158,628,197,32,79
530,5,459,190,38,94,632,269,38,94,194,170,29,73,367,395,65,158,628,197,32,79
531,5,632,269,38,94,345,385,71,173,186,175,27,67,457,191,32,79,622,194,32,79
532,5,632,273,38,94,454,191,35,86,183,170,29,73,348,389,65,158,622,194,32,79
533,6,632,273,38,94,183,170,29,73,451,186,38,94,619,194,32,79,329,395,65,158,354,416,59,145
534,6,451,187,35,86,632,277,38,94,180,170,29,73,615,191,32,79,329,389,65,158,307,398,59,145
535,7,447,182,38,94,632,277,38,94,612,187,35,86,178,172,27,67,426,141,42,103,297,389,65,158,330,387,55,133
536,6,635,280,38,94,173,169,27,67,447,184,35,86,612,184,35,86,284,393,59,145,307,387,59,145
537,6,635,280,38,94,443,184,35,86,170,169,27,67,272,383,65,158,613,188,32,79,297,383,65,158
538,6,635,284,38,94,609,184,35,86,168,167,29,73,440,184,35,86,267,387,59,145,291,383,65,158
539,6,162,169,27,67,636,281,42,103,436,175,38,94,609,181,32,79,249,387,59,145,284,381,59,145
540,6,159,169,27,67,639,288,38,94,609,181,32,79,437,177,35,86,237,381,59,145,278,381,59,145
541,6,636,285,42,103,157,169,27,67,609,179,32,79,232,381,59,145,277,381,55,133,433,177,35,86
542,6,636,290,42,103,154,169,27,67,606,181,32,79,226,381,59,145,432,179,32,79,267,375,59,145
543,10,636,290,42,103,581,29,35,86,151,169,27,67,430,143,35,86,220,375,59,145,289,384,35,86,281,416,38,94,213,463,27,67,606,179,32,79,430,174,35,86
544,7,636,294,42,103,430,143,35,86,603,175,32,79,149,167,27,67,214,381,59,145,261,375,59,145,426,174,35,86
545,6,631,294,42,103,600,172,32,79,423,171,35,86,143,167,27,67,255,375,59,145,191,375,59,145
546,6,631,294,42,103,600,172,32,79,185,375,59,145,249,369,59,145,141,167,27,67,426,171,35,86
547,6,631,298,42,103,600,172,32,79,250,376,55,133,185,375,59,145,422,141,42,103,138,167,27,67
548,7,631,298,42,103,429,175,32,79,245,371,55,133,601,173,29,73,430,135,29,73,179,369,59,145,135,167,27,67
549,5,633,299,46,112,239,376,55,133,597,166,32,79,130,167,27,67,173,369,59,145
550,6,232,375,59,145,599,167,29,73,191,392,55,133,168,369,59,145,636,302,42,103,125,167,27,67
551,5,168,363,59,145,597,166,32,79,226,375,59,145,122,167,27,67,636,302,42,103
552,6,168,363,59,145,596,167,29,73,223,376,55,133,636,302,42,103,119,167,27,67,422,141,42,103
553,6,162,357,59,145,117,167,27,67,636,302,42,103,218,376,55,133,397,163,32,79,593,164,29,73
554,7,434,132,27,67,587,161,29,73,162,357,59,145,636,302,42,103,109,167,27,67,209,375,59,145,397,159,32,79
555,7,587,161,29,73,636,302,42,103,165,360,55,133,581,29,35,86,106,167,27,67,209,381,59,145,395,157,35,86
556,6,636,302,42,103,587,161,29,73,101,164,27,67,395,159,32,79,165,360,55,133,209,381,59,145
557,7,636,302,42,103,584,156,32,79,388,159,32,79,581,29,35,86,203,381,59,145,93,167,27,67,159,355,55,133
558,6,584,156,32,79,385,159,32,79,90,167,27,67,636,302,42,103,197,387,59,145,159,355,55,133
559,7,584,156,32,79,385,156,32,79,581,29,35,86,636,306,42,103,191,387,59,145,85,167,27,67,165,355,55,133
560,7,584,156,32,79,379,156,32,79,636,306,42,103,191,393,59,145,581,29,35,86,81,167,29,73,165,355,55,133
561,7,584,156,32,79,379,156,32,79,422,141,42,103,636,302,42,103,79,169,27,67,185,393,59,145,170,356,32,79
562,6,584,156,32,79,375,156,32,79,636,306,42,103,74,169,27,67,168,352,59,145,179,393,59,145
563,5,584,156,32,79,69,172,27,67,369,155,29,73,636,306,42,103,172,357,71,173
564,8,584,156,32,79,366,150,32,79,636,306,42,103,63,172,27,67,433,126,29,73,215,473,27,67,180,349,50,122,173,393,59,145
565,6,636,306,42,103,363,150,32,79,581,156,32,79,422,141,42,103,61,172,27,67,172,371,71,173
566,6,636,306,42,103,577,156,32,79,357,150,32,79,53,172,27,67,185,350,35,86,173,404,59,145
567,7,578,161,29,73,636,306,42,103,354,153,29,73,434,132,27,67,50,175,27,67,187,348,38,94,173,410,59,145
568,7,351,153,29,73,636,306,42,103,575,161,29,73,431,132,27,67,187,348,38,94,43,170,29,73,170,408,65,158
569,7,573,161,29,73,31,173,29,73,345,149,29,73,189,350,35,86,422,141,42,103,636,306,42,103,173,410,59,145
570,7,568,159,32,79,343,149,29,73,636,306,42,103,189,343,35,86,168,410,59,145,29,175,27,67,201,391,32,79
571,8,581,29,35,86,567,164,29,73,337,149,29,73,181,344,55,133,636,302,42,103,23,170,29,73,162,410,59,145,196,405,42,103
572,8,567,161,29,73,334,149,29,73,636,302,42,103,156,416,59,145,181,344,55,133,741,271,27,67,20,176,29,73,215,409,29,73
573,8,567,164,29,73,636,302,42,103,434,132,27,67,331,147,29,73,18,177,27,67,186,344,55,133,156,416,59,145,729,246,38,94
574,8,569,167,29,73,172,392,71,173,186,344,55,133,726,239,38,94,636,302,42,103,321,141,32,79,151,414,65,158,5,177,27,67
575,9,569,167,29,73,434,132,27,67,189,492,32,79,186,344,55,133,722,239,38,94,317,144,29,73,636,306,42,103,150,416,59,145,2,177,27,67
576,7,573,167,29,73,191,339,55,133,718,239,38,94,636,302,42,103,151,414,65,158,313,147,29,73,0,177,27,67
577,6,202,339,55,133,575,167,29,73,701,236,42,103,302,144,29,73,636,306,42,103,156,427,59,145
578,7,207,339,55,133,575,170,29,73,422,141,42,103,299,144,29,73,699,235,38,94,636,306,42,103,156,427,59,145
579,6,213,339,55,133,578,170,29,73,296,144,29,73,693,228,42,103,636,306,42,103,162,427,59,145
580,7,218,333,55,133,422,141,42,103,290,144,29,73,578,170,29,73,688,231,38,94,636,302,42,103,168,427,59,145
581,6,229,333,55,133,584,173,29,73,681,231,38,94,636,302,42,103,282,145,27,67,179,433,59,145
582,6,584,172,32,79,239,334,50,122,636,302,42,103,677,231,38,94,185,433,59,145,276,144,29,73
583,9,243,329,50,122,231,508,27,67,185,427,59,145,587,172,32,79,669,227,38,94,636,302,42,103,273,144,29,73,581,29,35,86,431,132,27,67
584,7,636,302,42,103,581,29,35,86,597,175,32,79,255,323,55,133,264,144,29,73,662,224,38,94,209,427,59,145
585,6,600,175,32,79,631,306,42,103,261,144,29,73,654,224,38,94,214,427,59,145,268,329,50,122
586,8,603,179,32,79,635,310,38,94,283,324,50,122,422,141,42,103,255,145,27,67,220,427,59,145,648,220,42,103,581,29,35,86
587,8,606,181,32,79,434,132,27,67,307,344,50,122,297,319,50,122,247,144,29,73,635,310,38,94,640,222,35,86,232,433,59,145
588,8,303,324,50,122,241,144,29,73,312,349,50,122,422,141,42,103,609,185,32,79,636,302,42,103,635,216,38,94,237,427,59,145
589,7,238,144,29,73,431,132,27,67,312,319,50,122,613,185,32,79,633,219,35,86,239,440,55,133,635,310,38,94
590,6,332,315,50,122,231,148,27,67,626,222,35,86,619,188,32,79,635,310,38,94,249,433,59,145
591,6,337,315,50,122,636,306,42,103,226,145,27,67,619,219,35,86,626,187,35,86,250,445,55,133
592,8,636,306,42,103,375,346,35,86,347,315,50,122,616,215,35,86,581,29,35,86,221,144,29,73,249,433,59,145,633,193,29,73
593,6,638,194,32,79,215,144,29,73,636,306,42,103,605,209,38,94,366,315,50,122,255,440,55,133
594,6,636,306,42,103,640,195,35,86,212,144,29,73,381,315,50,122,249,433,59,145,602,212,35,86
595,6,644,197,32,79,385,315,50,122,636,306,42,103,207,148,27,67,595,212,35,86,250,440,55,133
596,7,647,198,35,86,434,132,27,67,636,306,42,103,205,145,27,67,591,209,35,86,395,317,46,112,250,440,55,133
597,7,636,306,42,103,202,145,27,67,400,309,50,122,588,209,35,86,639,217,29,73,650,198,35,86,255,440,55,133
598,7,578,205,35,86,653,201,35,86,197,145,27,67,426,308,46,112,636,306,42,103,412,321,46,112,261,440,55,133
599,8,575,205,35,86,650,223,27,67,422,141,42,103,636,306,42,103,194,145,27,67,661,205,35,86,430,308,46,112,261,440,55,133
600,7,189,144,29,73,636,306,42,103,571,201,35,86,667,209,35,86,435,303,46,112,655,223,27,67,266,440,55,133
601,6,671,209,35,86,561,198,35,86,636,306,42,103,183,145,27,67,277,435,55,133,444,295,50,122
602,6,557,198,35,86,674,209,35,86,636,306,42,103,282,440,55,133,181,145,27,67,449,300,50,122
603,6,678,212,35,86,554,198,35,86,178,145,27,67,636,302,42,103,284,427,59,145,462,303,46,112
604,6,543,195,35,86,170,145,27,67,290,427,59,145,480,299,46,112,685,215,35,86,636,306,42,103
605,7,540,195,35,86,167,145,27,67,296,427,59,145,483,295,50,122,422,141,42,103,688,219,35,86,636,302,42,103
606,7,533,194,32,79,490,375,27,67,696,216,38,94,162,143,27,67,497,295,46,112,307,433,59,145,631,306,42,103
607,7,527,194,32,79,157,143,27,67,490,328,55,133,699,220,38,94,502,295,46,112,636,302,42,103,313,433,59,145
608,7,157,145,27,67,524,191,32,79,488,334,50,122,703,224,38,94,636,302,42,103,319,440,55,133,511,295,46,112
609,8,149,143,27,67,0,179,29,73,715,224,38,94,703,243,29,73,516,187,35,86,636,306,42,103,520,290,46,112,331,427,59,145
610,8,146,143,27,67,513,187,35,86,718,227,38,94,422,141,42,103,636,306,42,103,529,290,42,103,2,181,29,73,335,440,55,133
611,8,146,143,27,67,718,227,38,94,537,294,42,103,422,141,42,103,636,306,42,103,508,188,32,79,2,181,29,73,342,427,59,145
612,7,143,140,27,67,722,235,38,94,636,302,42,103,543,285,46,112,342,427,59,145,505,188,32,79,11,181,29,73
613,8,138,143,27,67,434,132,27,67,495,185,32,79,636,302,42,103,551,281,46,112,354,427,59,145,729,235,38,94,21,183,27,67
614,7,135,140,27,67,488,181,35,86,556,281,46,112,729,235,38,94,636,306,42,103,354,427,59,145,23,179,29,73
615,7,133,140,27,67,486,181,32,79,562,281,42,103,631,306,42,103,360,427,59,145,26,183,27,67,733,243,35,86
616,7,480,179,32,79,127,140,27,67,565,272,46,112,631,306,42,103,422,141,42,103,34,183,27,67,360,427,59,145
617,7,477,179,32,79,627,306,42,103,360,427,59,145,569,272,46,112,581,29,35,86,127,140,27,67,42,183,27,67
618,6,470,175,32,79,122,140,27,67,623,302,42,103,365,427,59,145,569,267,46,112,53,183,27,67
619,6,464,175,32,79,371,427,59,145,619,298,42,103,119,140,27,67,574,267,46,112,55,179,29,73
620,6,119,140,27,67,371,427,59,145,619,298,42,103,461,175,32,79,574,261,42,103,57,176,29,73
621,8,117,140,27,67,455,172,32,79,595,305,35,86,426,146,42,103,371,427,59,145,615,294,42,103,578,261,42,103,63,176,29,73
622,6,114,140,27,67,448,172,32,79,365,427,59,145,603,294,42,103,581,261,50,122,74,175,27,67
623,6,365,421,59,145,445,172,32,79,583,254,46,112,114,140,27,67,599,290,42,103,78,173,29,73
624,7,442,169,32,79,429,166,32,79,361,414,65,158,596,285,50,122,581,253,55,133,82,177,27,67,111,140,27,67
625,5,435,169,32,79,360,416,59,145,581,253,55,133,111,140,27,67,85,175,27,67
626,6,354,408,65,158,432,166,32,79,583,281,42,103,95,175,27,67,111,140,27,67,592,245,46,112
627,8,354,410,59,145,434,140,27,67,98,172,27,67,429,166,32,79,587,261,42,103,111,140,27,67,578,281,42,103,599,245,42,103
628,7,354,410,59,145,429,141,32,79,101,170,29,73,578,281,35,86,111,140,27,67,605,243,38,94,427,170,29,73
629,6,354,404,59,145,431,177,27,67,613,239,38,94,568,277,38,94,110,167,29,73,111,137,27,67
630,5,354,404,59,145,564,273,38,94,615,236,42,103,113,167,29,73,111,137,27,67
631,5,348,398,59,145,557,265,38,94,619,232,42,103,111,140,27,67,119,169,27,67
632,6,348,398,59,145,402,164,27,67,111,140,27,67,549,265,38,94,125,169,27,67,619,228,42,103
633,7,545,265,38,94,127,167,27,67,342,398,59,145,624,227,38,94,111,140,27,67,422,141,42,103,401,161,29,73
634,6,543,263,35,86,342,393,59,145,628,227,38,94,111,143,27,67,395,159,32,79,130,167,27,67
635,7,337,393,59,145,111,140,27,67,422,141,42,103,632,227,38,94,540,260,35,86,395,159,32,79,135,167,27,67
636,6,109,140,27,67,335,392,55,133,533,257,35,86,632,224,38,94,389,161,29,73,141,164,27,67
637,7,111,143,27,67,330,392,55,133,639,216,38,94,149,164,27,67,526,257,35,86,434,132,27,67,383,161,29,73
638,6,111,143,27,67,519,253,35,86,330,392,55,133,643,216,38,94,377,158,29,73,151,164,27,67
639,7,111,143,27,67,422,141,42,103,330,392,55,133,516,250,35,86,643,216,38,94,157,164,27,67,375,161,29,73
640,6,111,145,27,67,509,250,35,86,330,392,55,133,162,164,27,67,643,216,38,94,372,158,29,73
641,6,117,145,27,67,335,387,55,133,643,209,38,94,502,246,35,86,365,164,27,67,170,161,27,67
642,8,117,145,27,67,434,132,27,67,581,29,35,86,331,387,59,145,175,161,27,67,359,161,27,67,647,209,35,86,495,246,35,86
643,7,117,145,27,67,331,387,59,145,647,209,35,86,422,141,42,103,354,158,29,73,178,161,27,67,492,243,35,86
644,7,335,387,55,133,422,141,42,103,119,144,29,73,488,239,35,86,643,205,38,94,351,155,29,73,183,161,27,67
645,7,335,387,55,133,119,145,27,67,434,132,27,67,345,155,29,73,189,161,27,67,485,239,35,86,647,209,35,86
646,6,335,387,55,133,125,148,27,67,194,159,27,67,481,239,35,86,643,201,38,94,343,155,29,73
647,8,335,387,55,133,486,245,32,79,477,235,32,79,125,148,27,67,638,210,32,79,197,159,27,67,647,201,32,79,337,155,29,73
648,6,471,229,35,86,335,381,55,133,130,145,27,67,643,195,35,86,331,155,29,73,205,159,27,67
649,6,467,229,35,86,335,376,55,133,133,148,27,67,325,155,29,73,210,159,27,67,643,195,35,86
650,6,322,155,29,73,467,229,35,86,331,375,59,145,135,148,27,67,213,156,27,67,640,195,35,86
651,6,467,226,32,79,136,147,29,73,330,376,55,133,317,155,29,73,218,156,27,67,641,194,32,79
652,6,325,371,55,133,142,147,29,73,464,223,32,79,308,155,29,73,223,153,27,67,635,191,32,79
653,6,464,219,32,79,325,371,55,133,145,147,29,73,302,155,29,73,229,153,27,67,633,187,35,86
654,7,461,219,32,79,325,365,55,133,148,147,29,73,434,135,27,67,234,153,27,67,629,187,35,86,299,155,29,73
655,6,461,217,32,79,151,147,29,73,319,365,55,133,296,155,29,73,239,153,27,67,629,184,35,86
656,6,319,365,55,133,461,213,32,79,242,153,27,67,153,147,29,73,628,185,32,79,290,155,29,73
657,7,457,213,32,79,319,365,55,133,434,132,27,67,247,153,27,67,157,153,27,67,287,159,27,67,628,181,32,79
658,7,314,360,55,133,457,213,32,79,253,153,27,67,162,153,27,67,282,159,27,67,722,308,46,112,625,179,32,79
659,8,457,210,32,79,309,360,55,133,319,387,55,133,165,151,27,67,279,155,29,73,713,303,46,112,258,153,27,67,625,179,32,79
660,7,461,204,32,79,270,155,29,73,434,132,27,67,168,149,29,73,297,363,50,122,689,295,50,122,619,179,32,79
661,8,270,155,29,73,462,205,29,73,625,187,29,73,305,380,46,112,175,153,27,67,288,359,50,122,677,295,46,112,616,179,29,73
662,7,462,205,29,73,293,383,50,122,267,153,29,73,283,359,50,122,180,149,29,73,673,290,46,112,613,179,29,73
663,7,461,201,32,79,183,149,29,73,261,153,29,73,659,290,46,112,277,355,55,133,609,172,32,79,279,153,27,67
664,7,189,149,29,73,255,153,29,73,461,197,32,79,287,151,27,67,640,285,42,103,268,353,50,122,605,173,29,73
665,7,461,194,32,79,191,149,29,73,633,281,46,112,293,151,27,67,253,153,29,73,600,172,32,79,266,349,55,133
666,7,258,349,50,122,197,153,29,73,461,194,32,79,247,159,27,67,610,277,46,112,301,151,27,67,596,170,29,73
667,7,465,193,29,73,253,349,50,122,245,156,27,67,200,153,29,73,601,272,46,112,593,167,29,73,306,151,27,67
668,9,465,190,29,73,203,153,29,73,581,29,35,86,597,267,46,112,434,132,27,67,249,349,50,122,587,166,32,79,309,148,27,67,242,156,27,67
669,7,465,187,29,73,206,153,29,73,587,267,46,112,243,349,50,122,314,148,27,67,239,159,27,67,584,166,32,79
670,8,468,187,29,73,566,269,42,103,322,151,27,67,214,153,32,79,229,155,29,73,434,132,27,67,575,164,29,73,234,344,55,133
671,8,468,185,29,73,217,153,32,79,558,265,42,103,422,141,42,103,261,401,27,67,573,164,29,73,327,151,27,67,224,349,50,122
672,6,221,155,29,73,468,181,29,73,568,159,32,79,549,261,42,103,214,344,50,122,333,151,27,67
673,7,468,181,29,73,564,164,29,73,224,150,32,79,422,141,42,103,541,261,42,103,209,339,50,122,335,148,27,67
674,7,471,179,29,73,232,158,29,73,555,161,29,73,207,156,27,67,341,148,27,67,199,344,50,122,521,257,42,103
675,7,471,179,29,73,235,158,29,73,205,156,27,67,513,257,42,103,549,161,29,73,346,148,27,67,195,339,50,122
676,7,473,176,29,73,351,148,27,67,241,158,29,73,191,339,55,133,504,257,42,103,202,153,27,67,546,158,29,73
677,8,473,176,29,73,357,148,27,67,422,141,42,103,247,158,29,73,188,344,46,112,199,156,27,67,496,254,38,94,543,158,29,73
678,7,479,173,29,73,365,148,27,67,174,339,46,112,252,153,32,79,189,153,27,67,532,158,29,73,475,249,42,103
679,7,482,175,27,67,170,335,46,112,258,158,29,73,367,148,27,67,183,153,27,67,470,250,38,94,526,158,29,73
680,8,482,170,29,73,373,148,27,67,181,153,27,67,161,334,50,122,520,158,29,73,422,141,42,103,264,158,29,73,459,245,42,103
681,8,485,167,29,73,173,156,27,67,383,148,27,67,443,241,42,103,271,156,32,79,434,132,27,67,511,155,29,73,151,334,50,122
682,7,488,167,29,73,509,155,29,73,170,156,27,67,386,148,27,67,274,156,32,79,141,329,50,122,436,243,38,94
683,7,488,167,29,73,499,156,32,79,279,164,29,73,167,156,27,67,389,148,27,67,139,331,46,112,429,239,38,94
684,7,162,156,27,67,494,164,29,73,434,132,27,67,129,331,46,112,408,182,46,112,287,159,32,79,398,144,29,73
685,6,159,159,27,67,386,149,71,173,121,324,50,122,501,167,27,67,293,159,32,79,486,153,32,79
686,6,503,164,29,73,157,159,27,67,395,236,35,86,121,319,50,122,297,159,32,79,479,153,29,73
687,6,151,158,29,73,389,228,42,103,506,164,27,67,117,319,50,122,477,153,29,73,299,159,32,79
688,7,149,161,27,67,514,164,27,67,117,315,50,122,421,145,27,67,309,159,32,79,465,155,29,73,375,229,35,86
689,8,149,161,27,67,116,313,46,112,519,161,27,67,319,163,32,79,431,140,27,67,426,163,32,79,456,153,29,73,357,224,38,94
690,7,151,161,29,73,525,161,27,67,422,137,42,103,447,153,29,73,111,305,50,122,347,225,35,86,327,161,27,67
691,7,153,161,29,73,525,161,27,67,429,141,32,79,111,305,50,122,328,163,32,79,340,222,35,86,445,156,27,67
692,7,527,159,27,67,153,161,29,73,333,222,35,86,111,305,50,122,741,249,27,67,439,144,32,79,331,167,29,73
693,8,157,164,29,73,527,159,27,67,426,153,35,86,107,303,46,112,729,224,38,94,337,164,29,73,327,216,38,94,442,141,32,79
694,8,162,167,27,67,422,146,42,103,527,159,27,67,111,299,46,112,726,224,38,94,447,140,27,67,319,219,35,86,341,167,27,67
695,8,162,164,29,73,527,161,27,67,414,141,42,103,718,220,38,94,107,295,50,122,453,137,27,67,313,215,35,86,341,166,32,79
696,8,527,161,27,67,165,164,29,73,455,137,27,67,417,149,38,94,344,169,32,79,711,216,38,94,102,295,50,122,306,215,35,86
697,8,171,164,29,73,522,164,27,67,699,216,38,94,350,169,32,79,285,188,27,67,103,295,46,112,461,137,27,67,295,215,35,86
698,8,522,164,27,67,174,167,29,73,357,176,29,73,103,290,46,112,717,241,27,67,466,137,27,67,699,219,35,86,290,213,32,79
699,10,180,167,29,73,522,164,27,67,361,167,35,86,709,237,29,73,279,195,42,103,401,153,32,79,469,135,27,67,112,303,38,94,101,291,38,94,691,219,35,86
700,10,361,167,35,86,281,185,32,79,519,167,27,67,183,164,29,73,275,209,35,86,116,321,29,73,678,219,35,86,97,291,38,94,402,156,27,67,471,135,27,67
701,9,191,167,29,73,517,169,27,67,422,141,42,103,369,175,32,79,261,210,32,79,394,153,27,67,477,135,27,67,671,215,35,86,93,281,42,103
702,10,191,167,29,73,434,132,27,67,89,281,42,103,667,215,35,86,517,169,27,67,372,175,32,79,479,135,27,67,388,181,32,79,254,205,35,86,389,156,27,67
703,7,197,167,29,73,251,201,35,86,514,169,27,67,378,174,35,86,662,213,38,94,89,281,42,103,485,132,27,67
704,10,503,180,27,67,511,172,27,67,202,169,27,67,650,212,35,86,85,281,42,103,385,174,35,86,210,177,27,67,239,204,32,79,372,153,29,73,490,132,27,67
705,9,509,175,27,67,501,183,27,67,493,132,27,67,643,212,35,86,82,280,38,94,206,167,29,73,385,174,35,86,369,153,29,73,233,201,32,79
706,9,366,153,29,73,207,172,27,67,498,183,27,67,506,175,27,67,640,212,35,86,493,132,27,67,82,277,38,94,391,179,32,79,227,201,32,79
707,8,363,153,29,73,209,170,29,73,434,132,27,67,78,277,38,94,492,141,42,103,633,212,35,86,224,197,32,79,392,177,35,86
708,8,497,176,29,73,71,273,38,94,354,156,27,67,402,181,35,86,217,169,32,79,209,191,35,86,621,209,38,94,506,129,27,67
709,8,221,173,29,73,498,180,27,67,511,127,27,67,349,155,29,73,406,179,42,103,67,273,38,94,616,209,35,86,203,191,35,86
710,7,223,173,29,73,494,179,29,73,612,209,35,86,63,269,38,94,345,155,29,73,199,191,32,79,514,129,27,67
711,8,229,176,29,73,413,182,38,94,491,179,29,73,605,209,35,86,59,265,38,94,519,127,27,67,337,158,29,73,189,191,32,79
712,9,486,175,32,79,599,209,35,86,232,176,29,73,418,179,42,103,434,132,27,67,56,265,38,94,183,188,32,79,522,127,27,67,333,161,27,67
713,9,485,181,29,73,418,175,42,103,594,205,38,94,232,176,29,73,56,265,38,94,434,135,27,67,328,158,29,73,176,188,32,79,525,127,27,67
714,8,591,205,35,86,480,181,32,79,56,265,38,94,236,175,32,79,170,191,32,79,322,158,29,73,429,182,38,94,530,124,27,67
715,9,241,179,29,73,533,127,27,67,249,187,29,73,477,181,32,79,317,161,29,73,585,205,35,86,55,263,35,86,437,191,35,86,157,184,35,86
716,8,313,164,29,73,243,179,32,79,578,205,35,86,541,127,27,67,477,181,32,79,52,257,38,94,436,190,38,94,157,185,29,73
717,8,249,179,32,79,479,187,29,73,308,164,29,73,443,190,38,94,575,205,35,86,52,254,38,94,543,124,27,67,151,185,29,73
718,10,252,181,32,79,477,190,29,73,434,132,27,67,305,164,29,73,488,193,29,73,564,201,35,86,451,193,38,94,549,121,27,67,139,181,32,79,52,254,38,94
719,8,255,181,32,79,56,254,38,94,302,167,29,73,491,190,29,73,561,201,35,86,455,191,42,103,136,181,29,73,551,124,27,67
720,8,299,167,29,73,259,181,32,79,557,201,35,86,494,193,29,73,55,250,35,86,459,197,38,94,130,181,29,73,554,124,27,67
721,10,550,198,35,86,279,199,27,67,267,185,29,73,296,170,29,73,287,179,29,73,503,190,29,73,470,197,38,94,58,250,35,86,119,179,29,73,559,121,27,67
722,8,271,181,32,79,543,198,35,86,290,169,32,79,505,191,32,79,61,250,35,86,113,179,29,73,470,197,38,94,562,121,27,67
723,8,540,198,35,86,63,243,38,94,271,185,32,79,477,197,38,94,508,191,32,79,107,179,29,73,287,170,29,73,565,119,27,67
724,7,278,171,38,94,484,195,42,103,533,195,35,86,71,239,35,86,98,176,29,73,570,121,27,67,520,193,29,73
725,7,284,188,32,79,488,199,42,103,523,195,35,86,573,121,27,67,93,176,29,73,79,239,35,86,277,172,32,79
726,7,287,188,32,79,578,119,27,67,526,195,35,86,492,199,42,103,79,239,35,86,281,172,32,79,87,177,27,67
727,9,287,188,32,79,434,132,27,67,297,197,32,79,85,177,27,67,500,199,42,103,581,119,27,67,79,239,35,86,533,195,35,86,277,175,32,79
728,8,290,191,32,79,504,203,42,103,302,202,29,73,541,193,29,73,277,175,32,79,77,172,27,67,82,236,35,86,583,119,27,67
729,9,274,179,32,79,422,141,42,103,549,193,29,73,493,187,46,112,302,193,29,73,509,207,42,103,69,175,27,67,89,229,35,86,586,119,27,67
730,9,274,179,32,79,502,213,32,79,589,119,27,67,552,190,29,73,303,194,32,79,63,175,27,67,495,194,32,79,89,229,35,86,519,209,38,94
731,9,306,191,32,79,277,181,32,79,489,194,32,79,503,215,27,67,594,116,27,67,558,190,29,73,92,233,35,86,57,173,29,73,523,209,38,94
732,8,309,194,32,79,52,170,29,73,274,181,32,79,597,116,27,67,486,194,32,79,564,193,29,73,526,209,38,94,96,233,35,86
733,8,274,185,32,79,597,116,27,67,312,194,32,79,477,191,32,79,567,190,29,73,99,229,35,86,50,175,27,67,533,207,42,103
734,9,277,185,32,79,267,187,29,73,599,113,27,67,319,197,32,79,567,190,29,73,45,172,27,67,470,191,32,79,103,225,35,86,537,207,42,103
735,9,321,197,32,79,275,184,35,86,569,187,29,73,467,187,35,86,605,113,27,67,37,167,29,73,434,132,27,67,106,225,35,86,541,213,38,94
736,8,325,197,32,79,461,191,32,79,607,116,27,67,274,188,32,79,565,188,32,79,106,225,35,86,34,172,27,67,549,207,42,103
737,9,327,198,35,86,421,136,55,133,610,111,27,67,274,191,32,79,558,179,42,103,113,226,32,79,553,207,42,103,31,172,27,67,457,187,35,86
738,8,334,204,32,79,615,113,27,67,273,193,29,73,442,188,32,79,564,216,38,94,23,169,27,67,116,223,32,79,559,185,32,79
739,9,270,199,29,73,333,201,35,86,439,188,32,79,340,167,35,86,15,169,27,67,615,108,27,67,568,216,38,94,119,219,32,79,559,185,27,67
740,8,337,201,35,86,621,111,27,67,268,197,32,79,439,188,32,79,555,185,29,73,13,169,27,67,575,219,35,86,123,217,32,79
741,8,340,201,35,86,7,167,27,67,552,185,29,73,623,108,27,67,579,220,38,94,432,185,32,79,265,201,32,79,123,217,32,79
742,8,350,204,32,79,549,185,27,67,419,184,35,86,255,201,32,79,587,216,42,103,135,213,32,79,0,167,27,67,631,105,27,67
743,7,543,183,27,67,354,205,35,86,255,204,32,79,0,167,27,67,139,213,29,73,595,216,42,103,634,108,27,67
744,6,361,205,35,86,541,179,29,73,252,204,32,79,141,210,32,79,595,216,42,103,637,105,27,67
745,6,368,205,35,86,532,179,29,73,249,210,32,79,642,108,27,67,151,210,32,79,612,222,35,86
746,7,371,209,35,86,154,185,32,79,645,108,27,67,615,216,42,103,529,179,29,73,244,209,35,86,157,207,32,79
747,8,378,209,35,86,523,179,29,73,157,185,32,79,244,205,35,86,647,108,27,67,619,216,42,103,161,207,32,79,389,181,29,73
748,7,237,209,35,86,514,176,29,73,170,204,32,79,627,216,42,103,381,209,35,86,381,177,35,86,653,108,27,67
749,8,511,176,29,73,237,212,35,86,627,216,42,103,381,195,35,86,389,212,35,86,173,204,32,79,372,179,32,79,655,108,27,67
750,8,509,176,29,73,233,215,35,86,655,108,27,67,392,212,35,86,434,132,27,67,369,179,32,79,636,216,42,103,179,204,32,79
751,8,503,176,29,73,229,213,38,94,363,179,32,79,663,113,27,67,377,195,42,103,639,220,38,94,395,183,50,122,186,201,32,79
752,7,357,179,32,79,644,211,42,103,230,219,35,86,497,173,29,73,669,111,27,67,400,183,50,122,195,197,32,79
753,8,494,173,29,73,648,211,42,103,350,179,32,79,230,219,35,86,200,202,29,73,669,111,27,67,403,182,46,112,210,217,27,67
754,10,648,211,42,103,485,173,29,73,410,183,50,122,233,226,32,79,341,179,32,79,674,116,27,67,210,209,27,67,243,235,32,79,473,173,29,73,357,185,29,73
755,7,648,211,42,103,233,225,35,86,482,177,27,67,423,219,35,86,334,179,32,79,209,199,29,73,674,116,27,67
756,8,477,177,27,67,233,224,38,94,648,207,42,103,328,175,32,79,430,219,35,86,421,136,55,133,674,116,27,67,212,196,29,73
757,8,233,224,38,94,424,131,59,145,677,119,27,67,471,176,29,73,215,204,27,67,325,175,32,79,651,209,38,94,432,216,38,94
758,8,443,216,38,94,319,175,32,79,648,203,42,103,237,233,35,86,443,181,35,86,469,183,27,67,679,119,27,67,217,191,32,79
759,8,447,211,42,103,221,191,32,79,644,203,42,103,313,179,29,73,237,236,35,86,325,175,32,79,679,119,27,67,454,177,35,86
760,8,451,222,35,86,317,193,27,67,453,181,29,73,224,191,32,79,308,176,29,73,644,203,42,103,240,235,38,94,682,121,27,67
761,7,302,176,29,73,647,205,35,86,451,220,38,94,244,239,35,86,453,185,27,67,682,121,27,67,231,191,27,67
762,7,302,179,29,73,461,222,35,86,643,201,38,94,240,231,38,94,447,179,29,73,237,191,27,67,685,121,27,67
763,8,464,222,35,86,445,185,27,67,293,172,32,79,643,201,38,94,239,188,27,67,252,245,32,79,429,175,32,79,685,121,27,67
764,8,466,224,38,94,290,172,32,79,241,187,29,73,639,201,38,94,306,185,27,67,685,121,27,67,245,224,42,103,435,172,32,79
765,8,285,176,29,73,475,224,42,103,632,197,38,94,259,239,38,94,685,124,27,67,249,185,29,73,426,175,32,79,263,197,38,94
766,9,481,227,38,94,281,176,29,73,632,197,38,94,255,167,27,67,262,195,42,103,253,185,27,67,267,239,38,94,424,185,29,73,682,124,27,67
767,7,274,251,32,79,421,191,27,67,628,197,38,94,485,227,38,94,279,176,29,73,682,124,27,67,255,181,29,73
768,6,496,227,38,94,281,250,35,86,621,197,38,94,682,124,27,67,263,180,27,67,274,177,27,67
769,6,500,231,38,94,281,243,38,94,617,197,38,94,679,127,27,67,398,190,29,73,265,175,32,79
770,8,504,228,42,103,285,243,38,94,679,127,27,67,279,183,27,67,392,190,29,73,264,176,29,73,619,201,35,86,270,193,29,73
771,9,259,172,32,79,515,235,38,94,276,179,29,73,381,193,29,73,303,245,32,79,612,201,35,86,434,132,27,67,679,129,27,67,309,261,32,79
772,8,258,173,29,73,519,235,38,94,372,196,29,73,304,246,38,94,270,179,29,73,281,179,29,73,677,129,27,67,609,193,38,94
773,7,258,173,29,73,366,193,29,73,308,246,38,94,525,236,42,103,677,129,27,67,605,197,38,94,285,179,29,73
774,7,255,173,29,73,312,250,38,94,360,196,29,73,674,129,27,67,290,183,27,67,605,197,38,94,533,239,35,86
775,10,249,170,29,73,341,289,27,67,296,179,29,73,349,196,29,73,309,180,27,67,537,243,38,94,323,250,38,94,601,193,38,94,671,132,27,67,434,132,27,67
776,8,247,173,29,73,434,132,27,67,340,199,29,73,541,236,42,103,669,132,27,67,328,249,42,103,603,191,42,103,299,179,29,73
777,7,545,241,42,103,331,196,29,73,244,170,29,73,603,191,42,103,666,132,27,67,334,257,38,94,301,177,27,67
778,9,238,170,29,73,322,179,29,73,338,257,38,94,349,269,38,94,605,201,38,94,553,241,42,103,319,199,29,73,663,135,27,67,308,173,29,73
779,9,235,167,29,73,353,273,38,94,308,173,29,73,422,141,42,103,558,241,42,103,609,201,38,94,342,257,38,94,663,135,27,67,311,199,29,73
780,7,562,245,42,103,313,181,29,73,232,167,29,73,348,261,42,103,609,201,38,94,308,202,29,73,661,135,27,67
781,8,232,167,29,73,566,245,42,103,299,197,32,79,312,179,38,94,609,201,38,94,348,261,42,103,333,175,27,67,661,137,27,67
782,8,226,167,29,73,277,197,32,79,290,197,32,79,578,249,42,103,361,261,42,103,658,137,27,67,613,209,38,94,328,167,29,73
783,7,226,167,29,73,578,249,42,103,658,137,27,67,365,265,42,103,331,170,29,73,285,199,29,73,611,207,42,103
784,8,223,164,29,73,583,253,42,103,285,185,29,73,276,199,29,73,334,170,29,73,655,137,27,67,611,211,42,103,369,265,42,103
785,7,223,164,29,73,268,194,32,79,583,257,42,103,617,213,38,94,650,140,27,67,381,265,42,103,343,172,27,67
786,8,587,257,42,103,261,194,32,79,223,164,29,73,422,141,42,103,389,265,42,103,615,216,42,103,650,140,27,67,349,172,27,67
787,8,591,257,42,103,401,285,42,103,258,196,29,73,223,164,27,67,393,265,42,103,619,216,42,103,650,140,27,67,354,169,27,67
788,8,595,261,42,103,223,161,27,67,249,196,29,73,581,29,35,86,650,143,27,67,627,220,42,103,360,164,29,73,405,277,35,86
789,7,247,196,29,73,221,158,29,73,597,263,46,112,366,164,29,73,378,169,27,67,627,220,42,103,650,145,27,67
790,7,244,193,29,73,603,265,42,103,221,161,27,67,410,271,50,122,650,145,27,67,631,220,42,103,372,161,29,73
791,7,241,193,29,73,422,269,42,103,607,265,42,103,217,161,29,73,650,145,27,67,631,224,42,103,378,167,27,67
792,7,241,193,29,73,605,263,46,112,650,145,27,67,636,228,42,103,215,161,27,67,383,167,27,67,426,273,42,103
793,8,237,193,27,67,245,201,27,67,611,265,42,103,213,159,27,67,383,161,29,73,636,232,42,103,650,145,27,67,426,272,46,112
794,7,235,190,29,73,640,232,42,103,610,263,46,112,210,159,27,67,439,273,42,103,650,148,27,67,386,161,29,73
